# Time(ps) Median_Gaussian_Curvature(1/A^2)
0.0000 -0.00000019
100.0000 -0.00000016
200.0000 -0.00000017
300.0000 -0.00000012
400.0000 -0.00000018
500.0000 -0.00000015
600.0000 -0.00000019
700.0000 -0.00000021
800.0000 -0.00000022
900.0000 -0.00000017
1000.0000 -0.00000023
1100.0000 -0.00000026
1200.0000 -0.00000025
1300.0000 -0.00000026
1400.0000 -0.00000029
1500.0000 -0.00000024
1600.0000 -0.00000027
1700.0000 -0.00000029
1800.0000 -0.00000021
1900.0000 -0.00000018
2000.0000 -0.00000020
2100.0000 -0.00000017
2200.0000 -0.00000019
2300.0000 -0.00000021
2400.0000 -0.00000021
2500.0000 -0.00000019
2600.0000 -0.00000015
2700.0000 -0.00000011
2800.0000 -0.00000012
2900.0000 -0.00000010
3000.0000 -0.00000019
3100.0000 -0.00000016
3200.0000 -0.00000015
3300.0000 -0.00000015
3400.0000 -0.00000011
3500.0000 -0.00000008
3600.0000 -0.00000014
3700.0000 -0.00000011
3800.0000 -0.00000008
3900.0000 -0.00000007
4000.0000 -0.00000007
4100.0000 -0.00000007
4200.0000 -0.00000005
4300.0000 -0.00000004
4400.0000 -0.00000006
4500.0000 -0.00000006
4600.0000 -0.00000003
4700.0000 -0.00000005
4800.0000 -0.00000006
4900.0000 -0.00000005
5000.0000 -0.00000009
5100.0000 -0.00000014
5200.0000 -0.00000013
5300.0000 -0.00000021
5400.0000 -0.00000013
5500.0000 -0.00000021
5600.0000 -0.00000024
5700.0000 -0.00000018
5800.0000 -0.00000022
5900.0000 -0.00000028
6000.0000 -0.00000021
6100.0000 -0.00000017
6200.0000 -0.00000015
6300.0000 -0.00000014
6400.0000 -0.00000016
6500.0000 -0.00000011
6600.0000 -0.00000012
6700.0000 -0.00000008
6800.0000 -0.00000012
6900.0000 -0.00000013
7000.0000 -0.00000014
7100.0000 -0.00000017
7200.0000 -0.00000023
7300.0000 -0.00000020
7400.0000 -0.00000023
7500.0000 -0.00000023
7600.0000 -0.00000023
7700.0000 -0.00000021
7800.0000 -0.00000023
7900.0000 -0.00000020
8000.0000 -0.00000020
8100.0000 -0.00000021
8200.0000 -0.00000019
8300.0000 -0.00000020
8400.0000 -0.00000021
8500.0000 -0.00000028
8600.0000 -0.00000027
8700.0000 -0.00000023
8800.0000 -0.00000027
8900.0000 -0.00000020
9000.0000 -0.00000017
9100.0000 -0.00000016
9200.0000 -0.00000020
9300.0000 -0.00000016
9400.0000 -0.00000017
9500.0000 -0.00000024
9600.0000 -0.00000027
9700.0000 -0.00000024
9800.0000 -0.00000016
9900.0000 -0.00000018
10000.0000 -0.00000019
10100.0000 -0.00000024
10200.0000 -0.00000020
10300.0000 -0.00000019
10400.0000 -0.00000021
10500.0000 -0.00000012
10600.0000 -0.00000008
10700.0000 -0.00000008
10800.0000 -0.00000013
10900.0000 -0.00000010
11000.0000 -0.00000010
11100.0000 -0.00000011
11200.0000 -0.00000012
11300.0000 -0.00000014
11400.0000 -0.00000010
11500.0000 -0.00000012
11600.0000 -0.00000017
11700.0000 -0.00000022
11800.0000 -0.00000016
11900.0000 -0.00000011
12000.0000 -0.00000005
12100.0000 -0.00000005
12200.0000 -0.00000007
12300.0000 -0.00000008
12400.0000 -0.00000005
12500.0000 -0.00000008
12600.0000 -0.00000013
12700.0000 -0.00000009
12800.0000 -0.00000012
12900.0000 -0.00000010
13000.0000 -0.00000009
13100.0000 -0.00000010
13200.0000 -0.00000016
13300.0000 -0.00000017
13400.0000 -0.00000015
13500.0000 -0.00000021
13600.0000 -0.00000022
13700.0000 -0.00000015
13800.0000 -0.00000013
13900.0000 -0.00000012
14000.0000 -0.00000017
14100.0000 -0.00000023
14200.0000 -0.00000015
14300.0000 -0.00000015
14400.0000 -0.00000016
14500.0000 -0.00000016
14600.0000 -0.00000018
14700.0000 -0.00000013
14800.0000 -0.00000009
14900.0000 -0.00000008
15000.0000 -0.00000012
15100.0000 -0.00000010
15200.0000 -0.00000012
15300.0000 -0.00000014
15400.0000 -0.00000010
15500.0000 -0.00000011
15600.0000 -0.00000013
15700.0000 -0.00000014
15800.0000 -0.00000018
15900.0000 -0.00000020
16000.0000 -0.00000018
16100.0000 -0.00000025
16200.0000 -0.00000029
16300.0000 -0.00000030
16400.0000 -0.00000025
16500.0000 -0.00000028
16600.0000 -0.00000034
16700.0000 -0.00000022
16800.0000 -0.00000024
16900.0000 -0.00000022
17000.0000 -0.00000021
17100.0000 -0.00000023
17200.0000 -0.00000023
17300.0000 -0.00000020
17400.0000 -0.00000019
17500.0000 -0.00000013
17600.0000 -0.00000020
17700.0000 -0.00000023
17800.0000 -0.00000020
17900.0000 -0.00000007
18000.0000 -0.00000013
18100.0000 -0.00000012
18200.0000 -0.00000019
18300.0000 -0.00000018
18400.0000 -0.00000023
18500.0000 -0.00000015
18600.0000 -0.00000015
18700.0000 -0.00000016
18800.0000 -0.00000024
18900.0000 -0.00000024
19000.0000 -0.00000032
19100.0000 -0.00000028
19200.0000 -0.00000018
19300.0000 -0.00000019
19400.0000 -0.00000022
19500.0000 -0.00000021
19600.0000 -0.00000026
19700.0000 -0.00000018
19800.0000 -0.00000020
19900.0000 -0.00000020
20000.0000 -0.00000024
20100.0000 -0.00000024
20200.0000 -0.00000020
20300.0000 -0.00000022
20400.0000 -0.00000025
20500.0000 -0.00000034
20600.0000 -0.00000026
20700.0000 -0.00000030
20800.0000 -0.00000032
20900.0000 -0.00000037
21000.0000 -0.00000031
21100.0000 -0.00000024
21200.0000 -0.00000026
21300.0000 -0.00000025
21400.0000 -0.00000010
21500.0000 -0.00000007
21600.0000 -0.00000006
21700.0000 -0.00000002
21800.0000 -0.00000005
21900.0000 -0.00000009
22000.0000 0.00000001
22100.0000 -0.00000001
22200.0000 -0.00000001
22300.0000 -0.00000003
22400.0000 0.00000010
22500.0000 0.00000006
22600.0000 0.00000008
22700.0000 0.00000016
22800.0000 0.00000022
22900.0000 0.00000022
23000.0000 0.00000025
23100.0000 0.00000017
23200.0000 0.00000022
23300.0000 0.00000007
23400.0000 0.00000021
23500.0000 0.00000015
23600.0000 0.00000019
23700.0000 0.00000003
23800.0000 0.00000010
23900.0000 0.00000021
24000.0000 0.00000010
24100.0000 0.00000020
24200.0000 0.00000010
24300.0000 0.00000005
24400.0000 0.00000006
24500.0000 0.00000003
24600.0000 -0.00000004
24700.0000 -0.00000002
24800.0000 -0.00000000
24900.0000 0.00000001
25000.0000 0.00000003
25100.0000 0.00000000
25200.0000 0.00000013
25300.0000 -0.00000001
25400.0000 -0.00000002
25500.0000 0.00000001
25600.0000 0.00000002
25700.0000 -0.00000001
25800.0000 -0.00000007
25900.0000 -0.00000007
26000.0000 -0.00000001
26100.0000 -0.00000004
26200.0000 -0.00000003
26300.0000 0.00000001
26400.0000 -0.00000011
26500.0000 -0.00000012
26600.0000 -0.00000002
26700.0000 -0.00000012
26800.0000 -0.00000014
26900.0000 0.00000008
27000.0000 0.00000008
27100.0000 0.00000035
27200.0000 0.00000025
27300.0000 0.00000036
27400.0000 0.00000043
27500.0000 0.00000048
27600.0000 0.00000030
27700.0000 0.00000018
27800.0000 0.00000026
27900.0000 0.00000018
28000.0000 0.00000018
28100.0000 0.00000017
28200.0000 0.00000018
28300.0000 0.00000014
28400.0000 0.00000031
28500.0000 0.00000014
28600.0000 0.00000031
28700.0000 0.00000015
28800.0000 0.00000023
28900.0000 0.00000006
29000.0000 0.00000017
29100.0000 0.00000007
29200.0000 0.00000008
29300.0000 0.00000009
29400.0000 0.00000012
29500.0000 0.00000019
29600.0000 0.00000019
29700.0000 0.00000009
29800.0000 0.00000033
29900.0000 0.00000027
30000.0000 0.00000015
30100.0000 0.00000024
30200.0000 0.00000019
30300.0000 0.00000015
30400.0000 0.00000011
30500.0000 0.00000019
30600.0000 0.00000023
30700.0000 0.00000013
30800.0000 0.00000031
30900.0000 0.00000040
31000.0000 0.00000034
31100.0000 0.00000021
31200.0000 0.00000033
31300.0000 0.00000034
31400.0000 0.00000041
31500.0000 0.00000055
31600.0000 0.00000051
31700.0000 0.00000053
31800.0000 0.00000055
31900.0000 0.00000051
32000.0000 0.00000061
32100.0000 0.00000059
32200.0000 0.00000054
32300.0000 0.00000053
32400.0000 0.00000040
32500.0000 0.00000055
32600.0000 0.00000046
32700.0000 0.00000066
32800.0000 0.00000060
32900.0000 0.00000078
33000.0000 0.00000082
33100.0000 0.00000065
33200.0000 0.00000073
33300.0000 0.00000076
33400.0000 0.00000073
33500.0000 0.00000052
33600.0000 0.00000068
33700.0000 0.00000057
33800.0000 0.00000046
33900.0000 0.00000057
34000.0000 0.00000058
34100.0000 0.00000063
34200.0000 0.00000065
34300.0000 0.00000061
34400.0000 0.00000056
34500.0000 0.00000051
34600.0000 0.00000054
34700.0000 0.00000047
34800.0000 0.00000027
34900.0000 0.00000021
35000.0000 0.00000019
35100.0000 0.00000019
35200.0000 0.00000032
35300.0000 0.00000036
35400.0000 0.00000023
35500.0000 0.00000028
35600.0000 0.00000027
35700.0000 0.00000033
35800.0000 0.00000021
35900.0000 0.00000019
36000.0000 0.00000045
36100.0000 0.00000036
36200.0000 0.00000033
36300.0000 0.00000026
36400.0000 0.00000032
36500.0000 0.00000023
36600.0000 0.00000011
36700.0000 0.00000032
36800.0000 0.00000038
36900.0000 0.00000038
37000.0000 0.00000057
37100.0000 0.00000047
37200.0000 0.00000018
37300.0000 0.00000027
37400.0000 0.00000015
37500.0000 0.00000032
37600.0000 0.00000028
37700.0000 0.00000030
37800.0000 0.00000008
37900.0000 0.00000006
38000.0000 0.00000030
38100.0000 0.00000019
38200.0000 0.00000033
38300.0000 0.00000027
38400.0000 0.00000007
38500.0000 0.00000029
38600.0000 0.00000037
38700.0000 0.00000037
38800.0000 0.00000062
38900.0000 0.00000063
39000.0000 0.00000042
39100.0000 0.00000033
39200.0000 0.00000016
39300.0000 0.00000019
39400.0000 0.00000022
39500.0000 0.00000029
39600.0000 0.00000021
39700.0000 0.00000006
39800.0000 0.00000033
39900.0000 0.00000016
40000.0000 0.00000028
40100.0000 0.00000044
40200.0000 0.00000043
40300.0000 0.00000051
40400.0000 0.00000037
40500.0000 0.00000024
40600.0000 0.00000039
40700.0000 0.00000054
40800.0000 0.00000027
40900.0000 0.00000034
41000.0000 0.00000032
41100.0000 0.00000030
41200.0000 0.00000035
41300.0000 -0.00000000
41400.0000 0.00000016
41500.0000 -0.00000009
41600.0000 -0.00000000
41700.0000 -0.00000002
41800.0000 0.00000011
41900.0000 0.00000017
42000.0000 0.00000005
42100.0000 0.00000011
42200.0000 0.00000023
42300.0000 0.00000015
42400.0000 -0.00000008
42500.0000 0.00000003
42600.0000 0.00000002
42700.0000 0.00000004
42800.0000 0.00000002
42900.0000 0.00000008
43000.0000 0.00000015
43100.0000 0.00000028
43200.0000 0.00000023
43300.0000 0.00000025
43400.0000 0.00000016
43500.0000 0.00000019
43600.0000 0.00000050
43700.0000 0.00000045
43800.0000 0.00000070
43900.0000 0.00000069
44000.0000 0.00000046
44100.0000 0.00000029
44200.0000 0.00000046
44300.0000 0.00000033
44400.0000 0.00000040
44500.0000 0.00000037
44600.0000 0.00000037
44700.0000 0.00000030
44800.0000 0.00000049
44900.0000 0.00000043
45000.0000 0.00000090
45100.0000 0.00000063
45200.0000 0.00000052
45300.0000 0.00000042
45400.0000 0.00000067
45500.0000 0.00000075
45600.0000 0.00000058
45700.0000 0.00000075
45800.0000 0.00000055
45900.0000 0.00000062
46000.0000 0.00000060
46100.0000 0.00000083
46200.0000 0.00000101
46300.0000 0.00000101
46400.0000 0.00000122
46500.0000 0.00000135
46600.0000 0.00000143
46700.0000 0.00000160
46800.0000 0.00000160
46900.0000 0.00000209
47000.0000 0.00000269
47100.0000 0.00000242
47200.0000 0.00000228
47300.0000 0.00000215
47400.0000 0.00000226
47500.0000 0.00000179
47600.0000 0.00000225
47700.0000 0.00000198
47800.0000 0.00000248
47900.0000 0.00000278
48000.0000 0.00000308
48100.0000 0.00000280
48200.0000 0.00000248
48300.0000 0.00000280
48400.0000 0.00000317
48500.0000 0.00000327
48600.0000 0.00000308
48700.0000 0.00000303
48800.0000 0.00000325
48900.0000 0.00000339
49000.0000 0.00000349
49100.0000 0.00000373
49200.0000 0.00000427
49300.0000 0.00000421
49400.0000 0.00000421
49500.0000 0.00000384
49600.0000 0.00000445
49700.0000 0.00000414
49800.0000 0.00000500
49900.0000 0.00000425
50000.0000 0.00000427
50100.0000 0.00000424
50200.0000 0.00000391
50300.0000 0.00000414
50400.0000 0.00000481
50500.0000 0.00000468
50600.0000 0.00000390
50700.0000 0.00000349
50800.0000 0.00000381
50900.0000 0.00000373
51000.0000 0.00000353
51100.0000 0.00000328
51200.0000 0.00000340
51300.0000 0.00000349
51400.0000 0.00000315
51500.0000 0.00000291
51600.0000 0.00000331
51700.0000 0.00000307
51800.0000 0.00000303
51900.0000 0.00000301
52000.0000 0.00000326
52100.0000 0.00000335
52200.0000 0.00000318
52300.0000 0.00000307
52400.0000 0.00000337
52500.0000 0.00000337
52600.0000 0.00000384
52700.0000 0.00000366
52800.0000 0.00000361
52900.0000 0.00000392
53000.0000 0.00000398
53100.0000 0.00000378
53200.0000 0.00000392
53300.0000 0.00000432
53400.0000 0.00000481
53500.0000 0.00000528
53600.0000 0.00000470
53700.0000 0.00000546
53800.0000 0.00000531
53900.0000 0.00000582
54000.0000 0.00000537
54100.0000 0.00000583
54200.0000 0.00000598
54300.0000 0.00000600
54400.0000 0.00000493
54500.0000 0.00000570
54600.0000 0.00000595
54700.0000 0.00000621
54800.0000 0.00000583
54900.0000 0.00000678
55000.0000 0.00000635
55100.0000 0.00000664
55200.0000 0.00000641
55300.0000 0.00000641
55400.0000 0.00000620
55500.0000 0.00000606
55600.0000 0.00000612
55700.0000 0.00000621
55800.0000 0.00000621
55900.0000 0.00000627
56000.0000 0.00000752
56100.0000 0.00000757
56200.0000 0.00000862
56300.0000 0.00000816
56400.0000 0.00000807
56500.0000 0.00000788
56600.0000 0.00000748
56700.0000 0.00000796
56800.0000 0.00000733
56900.0000 0.00000726
57000.0000 0.00000844
57100.0000 0.00000844
57200.0000 0.00000854
57300.0000 0.00000927
57400.0000 0.00001008
57500.0000 0.00001005
57600.0000 0.00000995
57700.0000 0.00000989
57800.0000 0.00000962
57900.0000 0.00000957
58000.0000 0.00000983
58100.0000 0.00001007
58200.0000 0.00001019
58300.0000 0.00001057
58400.0000 0.00001017
58500.0000 0.00001050
58600.0000 0.00001027
58700.0000 0.00001017
58800.0000 0.00001018
58900.0000 0.00001069
59000.0000 0.00001114
59100.0000 0.00001026
59200.0000 0.00000957
59300.0000 0.00001009
59400.0000 0.00001002
59500.0000 0.00001042
59600.0000 0.00001034
59700.0000 0.00001049
59800.0000 0.00001032
59900.0000 0.00001041
60000.0000 0.00001122
60100.0000 0.00001090
60200.0000 0.00001099
60300.0000 0.00001145
60400.0000 0.00001179
60500.0000 0.00001184
60600.0000 0.00001166
60700.0000 0.00001231
60800.0000 0.00001191
60900.0000 0.00001237
61000.0000 0.00001212
61100.0000 0.00001169
61200.0000 0.00001189
61300.0000 0.00001264
61400.0000 0.00001220
61500.0000 0.00001223
61600.0000 0.00001327
61700.0000 0.00001231
61800.0000 0.00001245
61900.0000 0.00001304
62000.0000 0.00001326
62100.0000 0.00001304
62200.0000 0.00001268
62300.0000 0.00001263
62400.0000 0.00001332
62500.0000 0.00001325
62600.0000 0.00001304
62700.0000 0.00001236
62800.0000 0.00001222
62900.0000 0.00001265
63000.0000 0.00001247
63100.0000 0.00001282
63200.0000 0.00001336
63300.0000 0.00001405
63400.0000 0.00001373
63500.0000 0.00001400
63600.0000 0.00001379
63700.0000 0.00001302
63800.0000 0.00001374
63900.0000 0.00001343
64000.0000 0.00001425
64100.0000 0.00001456
64200.0000 0.00001501
64300.0000 0.00001458
64400.0000 0.00001568
64500.0000 0.00001595
64600.0000 0.00001616
64700.0000 0.00001575
64800.0000 0.00001560
64900.0000 0.00001576
65000.0000 0.00001628
65100.0000 0.00001715
65200.0000 0.00001700
65300.0000 0.00001727
65400.0000 0.00001705
65500.0000 0.00001650
65600.0000 0.00001656
65700.0000 0.00001731
65800.0000 0.00001721
65900.0000 0.00001685
66000.0000 0.00001739
66100.0000 0.00001612
66200.0000 0.00001788
66300.0000 0.00001815
66400.0000 0.00001837
66500.0000 0.00001833
66600.0000 0.00001810
66700.0000 0.00001733
66800.0000 0.00001853
66900.0000 0.00001844
67000.0000 0.00001861
67100.0000 0.00001816
67200.0000 0.00001874
67300.0000 0.00001972
67400.0000 0.00001988
67500.0000 0.00001946
67600.0000 0.00002011
67700.0000 0.00002010
67800.0000 0.00001936
67900.0000 0.00002036
68000.0000 0.00002032
68100.0000 0.00002005
68200.0000 0.00002067
68300.0000 0.00002081
68400.0000 0.00002078
68500.0000 0.00002174
68600.0000 0.00002146
68700.0000 0.00002229
68800.0000 0.00002130
68900.0000 0.00002066
69000.0000 0.00002106
69100.0000 0.00002138
69200.0000 0.00002098
69300.0000 0.00002046
69400.0000 0.00002112
69500.0000 0.00002084
69600.0000 0.00002185
69700.0000 0.00002280
69800.0000 0.00002231
69900.0000 0.00002292
70000.0000 0.00002308
70100.0000 0.00002341
70200.0000 0.00002435
70300.0000 0.00002417
70400.0000 0.00002436
70500.0000 0.00002326
70600.0000 0.00002377
70700.0000 0.00002401
70800.0000 0.00002517
70900.0000 0.00002520
71000.0000 0.00002478
71100.0000 0.00002401
71200.0000 0.00002439
71300.0000 0.00002469
71400.0000 0.00002569
71500.0000 0.00002518
71600.0000 0.00002599
71700.0000 0.00002565
71800.0000 0.00002639
71900.0000 0.00002605
72000.0000 0.00002473
72100.0000 0.00002493
72200.0000 0.00002659
72300.0000 0.00002604
72400.0000 0.00002614
72500.0000 0.00002644
72600.0000 0.00002550
72700.0000 0.00002622
72800.0000 0.00002641
72900.0000 0.00002562
73000.0000 0.00002729
73100.0000 0.00002831
73200.0000 0.00002814
73300.0000 0.00002736
73400.0000 0.00002711
73500.0000 0.00002702
73600.0000 0.00002749
73700.0000 0.00002699
73800.0000 0.00002751
73900.0000 0.00002867
74000.0000 0.00002854
74100.0000 0.00002806
74200.0000 0.00002878
74300.0000 0.00002913
74400.0000 0.00002809
74500.0000 0.00002989
74600.0000 0.00002938
74700.0000 0.00002936
74800.0000 0.00003056
74900.0000 0.00003209
75000.0000 0.00003104
75100.0000 0.00003155
75200.0000 0.00003129
75300.0000 0.00003064
75400.0000 0.00003112
75500.0000 0.00003243
75600.0000 0.00003301
75700.0000 0.00003203
75800.0000 0.00003219
75900.0000 0.00003175
76000.0000 0.00003166
76100.0000 0.00003188
76200.0000 0.00003181
76300.0000 0.00003117
76400.0000 0.00003108
76500.0000 0.00003248
76600.0000 0.00003311
76700.0000 0.00003379
76800.0000 0.00003294
76900.0000 0.00003333
77000.0000 0.00003310
77100.0000 0.00003392
77200.0000 0.00003461
77300.0000 0.00003381
77400.0000 0.00003570
77500.0000 0.00003592
77600.0000 0.00003631
77700.0000 0.00003636
77800.0000 0.00003605
77900.0000 0.00003659
78000.0000 0.00003712
78100.0000 0.00003684
78200.0000 0.00003744
78300.0000 0.00003768
78400.0000 0.00003748
78500.0000 0.00003772
78600.0000 0.00003817
78700.0000 0.00003863
78800.0000 0.00003764
78900.0000 0.00003747
79000.0000 0.00003824
79100.0000 0.00003849
79200.0000 0.00003855
79300.0000 0.00003850
79400.0000 0.00003841
79500.0000 0.00003864
79600.0000 0.00003826
79700.0000 0.00003833
79800.0000 0.00003926
79900.0000 0.00003962
80000.0000 0.00003923
80100.0000 0.00003883
80200.0000 0.00003896
80300.0000 0.00003772
80400.0000 0.00004038
80500.0000 0.00004108
80600.0000 0.00004049
80700.0000 0.00004070
80800.0000 0.00004057
80900.0000 0.00004139
81000.0000 0.00004099
81100.0000 0.00004116
81200.0000 0.00004065
81300.0000 0.00004128
81400.0000 0.00004045
81500.0000 0.00004110
81600.0000 0.00004095
81700.0000 0.00004093
81800.0000 0.00004108
81900.0000 0.00004056
82000.0000 0.00004150
82100.0000 0.00004155
82200.0000 0.00004140
82300.0000 0.00004196
82400.0000 0.00004151
82500.0000 0.00004266
82600.0000 0.00004115
82700.0000 0.00004161
82800.0000 0.00004248
82900.0000 0.00004171
83000.0000 0.00004232
83100.0000 0.00004300
83200.0000 0.00004384
83300.0000 0.00004276
83400.0000 0.00004233
83500.0000 0.00004242
83600.0000 0.00004254
83700.0000 0.00004270
83800.0000 0.00004213
83900.0000 0.00004380
84000.0000 0.00004388
84100.0000 0.00004350
84200.0000 0.00004274
84300.0000 0.00004305
84400.0000 0.00004290
84500.0000 0.00004325
84600.0000 0.00004285
84700.0000 0.00004251
84800.0000 0.00004372
84900.0000 0.00004264
85000.0000 0.00004282
85100.0000 0.00004343
85200.0000 0.00004388
85300.0000 0.00004298
85400.0000 0.00004453
85500.0000 0.00004368
85600.0000 0.00004375
85700.0000 0.00004423
85800.0000 0.00004448
85900.0000 0.00004461
86000.0000 0.00004388
86100.0000 0.00004510
86200.0000 0.00004519
86300.0000 0.00004503
86400.0000 0.00004456
86500.0000 0.00004578
86600.0000 0.00004519
86700.0000 0.00004495
86800.0000 0.00004537
86900.0000 0.00004501
87000.0000 0.00004577
87100.0000 0.00004561
87200.0000 0.00004486
87300.0000 0.00004510
87400.0000 0.00004540
87500.0000 0.00004616
87600.0000 0.00004592
87700.0000 0.00004646
87800.0000 0.00004717
87900.0000 0.00004692
88000.0000 0.00004566
88100.0000 0.00004619
88200.0000 0.00004616
88300.0000 0.00004631
88400.0000 0.00004679
88500.0000 0.00004707
88600.0000 0.00004703
88700.0000 0.00004718
88800.0000 0.00004723
88900.0000 0.00004758
89000.0000 0.00004717
89100.0000 0.00004683
89200.0000 0.00004688
89300.0000 0.00004711
89400.0000 0.00004608
89500.0000 0.00004693
89600.0000 0.00004695
89700.0000 0.00004622
89800.0000 0.00004735
89900.0000 0.00004673
90000.0000 0.00004781
90100.0000 0.00004728
90200.0000 0.00004748
90300.0000 0.00004801
90400.0000 0.00004723
90500.0000 0.00004771
90600.0000 0.00004728
90700.0000 0.00004778
90800.0000 0.00004821
90900.0000 0.00004984
91000.0000 0.00004968
91100.0000 0.00004951
91200.0000 0.00004822
91300.0000 0.00004921
91400.0000 0.00004855
91500.0000 0.00004787
91600.0000 0.00004942
91700.0000 0.00004830
91800.0000 0.00004918
91900.0000 0.00004959
92000.0000 0.00004910
92100.0000 0.00004899
92200.0000 0.00005016
92300.0000 0.00005020
92400.0000 0.00004995
92500.0000 0.00004968
92600.0000 0.00004981
92700.0000 0.00004978
92800.0000 0.00004883
92900.0000 0.00004839
93000.0000 0.00004987
93100.0000 0.00005047
93200.0000 0.00005089
93300.0000 0.00005039
93400.0000 0.00005042
93500.0000 0.00004992
93600.0000 0.00005003
93700.0000 0.00005084
93800.0000 0.00004934
93900.0000 0.00005159
94000.0000 0.00005039
94100.0000 0.00005081
94200.0000 0.00005059
94300.0000 0.00005035
94400.0000 0.00005140
94500.0000 0.00005182
94600.0000 0.00005114
94700.0000 0.00005161
94800.0000 0.00005193
94900.0000 0.00005138
95000.0000 0.00005203
95100.0000 0.00005232
95200.0000 0.00005160
95300.0000 0.00005200
95400.0000 0.00005135
95500.0000 0.00005214
95600.0000 0.00005117
95700.0000 0.00005220
95800.0000 0.00005140
95900.0000 0.00005147
96000.0000 0.00005240
96100.0000 0.00005239
96200.0000 0.00005152
96300.0000 0.00005173
96400.0000 0.00005242
96500.0000 0.00005153
96600.0000 0.00005161
96700.0000 0.00005199
96800.0000 0.00005134
96900.0000 0.00005209
97000.0000 0.00005208
97100.0000 0.00005248
97200.0000 0.00005189
97300.0000 0.00005199
97400.0000 0.00005225
97500.0000 0.00005058
97600.0000 0.00005178
97700.0000 0.00005210
97800.0000 0.00005207
97900.0000 0.00005281
98000.0000 0.00005299
98100.0000 0.00005199
98200.0000 0.00005196
98300.0000 0.00005200
98400.0000 0.00005206
98500.0000 0.00005261
98600.0000 0.00005315
98700.0000 0.00005321
98800.0000 0.00005240
98900.0000 0.00005290
99000.0000 0.00005290
99100.0000 0.00005286
99200.0000 0.00005227
99300.0000 0.00005273
99400.0000 0.00005324
99500.0000 0.00005251
99600.0000 0.00005372
99700.0000 0.00005242
99800.0000 0.00005265
99900.0000 0.00005306
100000.0000 0.00005284
100100.0000 0.00005295
100200.0000 0.00005340
100300.0000 0.00005278
100400.0000 0.00005315
100500.0000 0.00005300
100600.0000 0.00005238
100700.0000 0.00005305
100800.0000 0.00005338
100900.0000 0.00005291
101000.0000 0.00005292
101100.0000 0.00005299
101200.0000 0.00005321
101300.0000 0.00005293
101400.0000 0.00005441
101500.0000 0.00005390
101600.0000 0.00005328
101700.0000 0.00005405
101800.0000 0.00005271
101900.0000 0.00005285
102000.0000 0.00005325
102100.0000 0.00005305
102200.0000 0.00005237
102300.0000 0.00005251
102400.0000 0.00005371
102500.0000 0.00005274
102600.0000 0.00005288
102700.0000 0.00005294
102800.0000 0.00005381
102900.0000 0.00005303
103000.0000 0.00005427
103100.0000 0.00005340
103200.0000 0.00005309
103300.0000 0.00005382
103400.0000 0.00005355
103500.0000 0.00005276
103600.0000 0.00005319
103700.0000 0.00005267
103800.0000 0.00005394
103900.0000 0.00005374
104000.0000 0.00005253
104100.0000 0.00005348
104200.0000 0.00005328
104300.0000 0.00005327
104400.0000 0.00005304
104500.0000 0.00005285
104600.0000 0.00005334
104700.0000 0.00005316
104800.0000 0.00005335
104900.0000 0.00005319
105000.0000 0.00005341
105100.0000 0.00005265
105200.0000 0.00005341
105300.0000 0.00005380
105400.0000 0.00005327
105500.0000 0.00005351
105600.0000 0.00005435
105700.0000 0.00005297
105800.0000 0.00005314
105900.0000 0.00005336
106000.0000 0.00005344
106100.0000 0.00005235
106200.0000 0.00005324
106300.0000 0.00005340
106400.0000 0.00005264
106500.0000 0.00005213
106600.0000 0.00005246
106700.0000 0.00005315
106800.0000 0.00005270
106900.0000 0.00005321
107000.0000 0.00005332
107100.0000 0.00005336
107200.0000 0.00005363
107300.0000 0.00005391
107400.0000 0.00005271
107500.0000 0.00005331
107600.0000 0.00005356
107700.0000 0.00005369
107800.0000 0.00005327
107900.0000 0.00005405
108000.0000 0.00005321
108100.0000 0.00005309
108200.0000 0.00005307
108300.0000 0.00005392
108400.0000 0.00005370
108500.0000 0.00005323
108600.0000 0.00005265
108700.0000 0.00005318
108800.0000 0.00005383
108900.0000 0.00005294
109000.0000 0.00005277
109100.0000 0.00005345
109200.0000 0.00005237
109300.0000 0.00005332
109400.0000 0.00005367
109500.0000 0.00005260
109600.0000 0.00005291
109700.0000 0.00005377
109800.0000 0.00005293
109900.0000 0.00005257
110000.0000 0.00005288
110100.0000 0.00005319
110200.0000 0.00005378
110300.0000 0.00005356
110400.0000 0.00005283
110500.0000 0.00005387
110600.0000 0.00005289
110700.0000 0.00005263
110800.0000 0.00005385
110900.0000 0.00005383
111000.0000 0.00005308
111100.0000 0.00005410
111200.0000 0.00005292
111300.0000 0.00005423
111400.0000 0.00005335
111500.0000 0.00005239
111600.0000 0.00005285
111700.0000 0.00005255
111800.0000 0.00005341
111900.0000 0.00005313
112000.0000 0.00005253
112100.0000 0.00005327
112200.0000 0.00005319
112300.0000 0.00005320
112400.0000 0.00005317
112500.0000 0.00005335
112600.0000 0.00005354
112700.0000 0.00005347
112800.0000 0.00005358
112900.0000 0.00005359
113000.0000 0.00005370
113100.0000 0.00005295
113200.0000 0.00005357
113300.0000 0.00005330
113400.0000 0.00005290
113500.0000 0.00005260
113600.0000 0.00005309
113700.0000 0.00005237
113800.0000 0.00005241
113900.0000 0.00005355
114000.0000 0.00005313
114100.0000 0.00005380
114200.0000 0.00005326
114300.0000 0.00005312
114400.0000 0.00005351
114500.0000 0.00005325
114600.0000 0.00005349
114700.0000 0.00005397
114800.0000 0.00005346
114900.0000 0.00005291
115000.0000 0.00005321
115100.0000 0.00005345
115200.0000 0.00005347
115300.0000 0.00005322
115400.0000 0.00005353
115500.0000 0.00005321
115600.0000 0.00005317
115700.0000 0.00005303
115800.0000 0.00005326
115900.0000 0.00005367
116000.0000 0.00005274
116100.0000 0.00005353
116200.0000 0.00005327
116300.0000 0.00005337
116400.0000 0.00005336
116500.0000 0.00005389
116600.0000 0.00005382
116700.0000 0.00005349
116800.0000 0.00005280
116900.0000 0.00005318
117000.0000 0.00005294
117100.0000 0.00005398
117200.0000 0.00005392
117300.0000 0.00005359
117400.0000 0.00005310
117500.0000 0.00005277
117600.0000 0.00005341
117700.0000 0.00005329
117800.0000 0.00005295
117900.0000 0.00005363
118000.0000 0.00005242
118100.0000 0.00005294
118200.0000 0.00005317
118300.0000 0.00005315
118400.0000 0.00005262
118500.0000 0.00005319
118600.0000 0.00005351
118700.0000 0.00005381
118800.0000 0.00005370
118900.0000 0.00005312
119000.0000 0.00005345
119100.0000 0.00005379
119200.0000 0.00005364
119300.0000 0.00005335
119400.0000 0.00005288
119500.0000 0.00005308
119600.0000 0.00005412
119700.0000 0.00005375
119800.0000 0.00005218
119900.0000 0.00005264
120000.0000 0.00005370
120100.0000 0.00005326
120200.0000 0.00005361
120300.0000 0.00005335
120400.0000 0.00005332
120500.0000 0.00005359
120600.0000 0.00005349
120700.0000 0.00005308
120800.0000 0.00005288
120900.0000 0.00005321
121000.0000 0.00005355
121100.0000 0.00005308
121200.0000 0.00005309
121300.0000 0.00005292
121400.0000 0.00005396
121500.0000 0.00005284
121600.0000 0.00005324
121700.0000 0.00005381
121800.0000 0.00005346
121900.0000 0.00005348
122000.0000 0.00005341
122100.0000 0.00005322
122200.0000 0.00005332
122300.0000 0.00005379
122400.0000 0.00005287
122500.0000 0.00005351
122600.0000 0.00005282
122700.0000 0.00005261
122800.0000 0.00005370
122900.0000 0.00005286
123000.0000 0.00005377
123100.0000 0.00005386
123200.0000 0.00005378
123300.0000 0.00005329
123400.0000 0.00005340
123500.0000 0.00005294
123600.0000 0.00005350
123700.0000 0.00005345
123800.0000 0.00005357
123900.0000 0.00005318
124000.0000 0.00005391
124100.0000 0.00005317
124200.0000 0.00005393
124300.0000 0.00005309
124400.0000 0.00005372
124500.0000 0.00005308
124600.0000 0.00005322
124700.0000 0.00005246
124800.0000 0.00005375
124900.0000 0.00005305
125000.0000 0.00005351
125100.0000 0.00005227
125200.0000 0.00005327
125300.0000 0.00005305
125400.0000 0.00005403
125500.0000 0.00005296
125600.0000 0.00005323
125700.0000 0.00005337
125800.0000 0.00005342
125900.0000 0.00005344
126000.0000 0.00005305
126100.0000 0.00005272
126200.0000 0.00005342
126300.0000 0.00005365
126400.0000 0.00005253
126500.0000 0.00005340
126600.0000 0.00005300
126700.0000 0.00005306
126800.0000 0.00005263
126900.0000 0.00005315
127000.0000 0.00005362
127100.0000 0.00005298
127200.0000 0.00005429
127300.0000 0.00005375
127400.0000 0.00005327
127500.0000 0.00005331
127600.0000 0.00005278
127700.0000 0.00005387
127800.0000 0.00005247
127900.0000 0.00005291
128000.0000 0.00005340
128100.0000 0.00005284
128200.0000 0.00005402
128300.0000 0.00005286
128400.0000 0.00005270
128500.0000 0.00005358
128600.0000 0.00005307
128700.0000 0.00005361
128800.0000 0.00005390
128900.0000 0.00005273
129000.0000 0.00005301
129100.0000 0.00005299
129200.0000 0.00005314
129300.0000 0.00005386
129400.0000 0.00005351
129500.0000 0.00005362
129600.0000 0.00005351
129700.0000 0.00005375
129800.0000 0.00005355
129900.0000 0.00005322
130000.0000 0.00005330
130100.0000 0.00005302
130200.0000 0.00005416
130300.0000 0.00005376
130400.0000 0.00005343
130500.0000 0.00005311
130600.0000 0.00005315
130700.0000 0.00005278
130800.0000 0.00005312
130900.0000 0.00005436
131000.0000 0.00005281
131100.0000 0.00005317
131200.0000 0.00005345
131300.0000 0.00005278
131400.0000 0.00005384
131500.0000 0.00005274
131600.0000 0.00005341
131700.0000 0.00005377
131800.0000 0.00005247
131900.0000 0.00005349
132000.0000 0.00005250
132100.0000 0.00005307
132200.0000 0.00005317
132300.0000 0.00005326
132400.0000 0.00005249
132500.0000 0.00005297
132600.0000 0.00005304
132700.0000 0.00005277
132800.0000 0.00005341
132900.0000 0.00005331
133000.0000 0.00005365
133100.0000 0.00005290
133200.0000 0.00005306
133300.0000 0.00005321
133400.0000 0.00005374
133500.0000 0.00005339
133600.0000 0.00005395
133700.0000 0.00005225
133800.0000 0.00005251
133900.0000 0.00005263
134000.0000 0.00005236
134100.0000 0.00005328
134200.0000 0.00005337
134300.0000 0.00005294
134400.0000 0.00005320
134500.0000 0.00005302
134600.0000 0.00005322
134700.0000 0.00005362
134800.0000 0.00005312
134900.0000 0.00005282
135000.0000 0.00005261
135100.0000 0.00005298
135200.0000 0.00005286
135300.0000 0.00005318
135400.0000 0.00005297
135500.0000 0.00005311
135600.0000 0.00005284
135700.0000 0.00005326
135800.0000 0.00005376
135900.0000 0.00005361
136000.0000 0.00005306
136100.0000 0.00005324
136200.0000 0.00005352
136300.0000 0.00005331
136400.0000 0.00005316
136500.0000 0.00005338
136600.0000 0.00005322
136700.0000 0.00005330
136800.0000 0.00005345
136900.0000 0.00005389
137000.0000 0.00005343
137100.0000 0.00005273
137200.0000 0.00005251
137300.0000 0.00005319
137400.0000 0.00005241
137500.0000 0.00005298
137600.0000 0.00005308
137700.0000 0.00005291
137800.0000 0.00005394
137900.0000 0.00005358
138000.0000 0.00005338
138100.0000 0.00005294
138200.0000 0.00005332
138300.0000 0.00005343
138400.0000 0.00005383
138500.0000 0.00005398
138600.0000 0.00005264
138700.0000 0.00005336
138800.0000 0.00005454
138900.0000 0.00005306
139000.0000 0.00005394
139100.0000 0.00005372
139200.0000 0.00005286
139300.0000 0.00005308
139400.0000 0.00005316
139500.0000 0.00005294
139600.0000 0.00005372
139700.0000 0.00005297
139800.0000 0.00005411
139900.0000 0.00005317
140000.0000 0.00005293
140100.0000 0.00005258
140200.0000 0.00005337
140300.0000 0.00005327
140400.0000 0.00005329
140500.0000 0.00005343
140600.0000 0.00005335
140700.0000 0.00005350
140800.0000 0.00005339
140900.0000 0.00005298
141000.0000 0.00005325
141100.0000 0.00005378
141200.0000 0.00005388
141300.0000 0.00005425
141400.0000 0.00005309
141500.0000 0.00005336
141600.0000 0.00005356
141700.0000 0.00005316
141800.0000 0.00005299
141900.0000 0.00005285
142000.0000 0.00005350
142100.0000 0.00005268
142200.0000 0.00005387
142300.0000 0.00005362
142400.0000 0.00005339
142500.0000 0.00005414
142600.0000 0.00005420
142700.0000 0.00005270
142800.0000 0.00005364
142900.0000 0.00005297
143000.0000 0.00005425
143100.0000 0.00005316
143200.0000 0.00005255
143300.0000 0.00005349
143400.0000 0.00005266
143500.0000 0.00005350
143600.0000 0.00005284
143700.0000 0.00005291
143800.0000 0.00005360
143900.0000 0.00005342
144000.0000 0.00005419
144100.0000 0.00005410
144200.0000 0.00005382
144300.0000 0.00005307
144400.0000 0.00005310
144500.0000 0.00005303
144600.0000 0.00005360
144700.0000 0.00005372
144800.0000 0.00005379
144900.0000 0.00005280
145000.0000 0.00005258
145100.0000 0.00005285
145200.0000 0.00005379
145300.0000 0.00005318
145400.0000 0.00005324
145500.0000 0.00005335
145600.0000 0.00005374
145700.0000 0.00005321
145800.0000 0.00005326
145900.0000 0.00005317
146000.0000 0.00005274
146100.0000 0.00005303
146200.0000 0.00005362
146300.0000 0.00005281
146400.0000 0.00005349
146500.0000 0.00005284
146600.0000 0.00005335
146700.0000 0.00005327
146800.0000 0.00005400
146900.0000 0.00005325
147000.0000 0.00005366
147100.0000 0.00005272
147200.0000 0.00005312
147300.0000 0.00005289
147400.0000 0.00005269
147500.0000 0.00005394
147600.0000 0.00005415
147700.0000 0.00005292
147800.0000 0.00005300
147900.0000 0.00005320
148000.0000 0.00005277
148100.0000 0.00005314
148200.0000 0.00005243
148300.0000 0.00005353
148400.0000 0.00005310
148500.0000 0.00005296
148600.0000 0.00005302
148700.0000 0.00005329
148800.0000 0.00005308
148900.0000 0.00005299
149000.0000 0.00005257
149100.0000 0.00005399
149200.0000 0.00005384
149300.0000 0.00005324
149400.0000 0.00005316
149500.0000 0.00005375
149600.0000 0.00005355
149700.0000 0.00005251
149800.0000 0.00005373
149900.0000 0.00005325
150000.0000 0.00005332
150100.0000 0.00005352
150200.0000 0.00005344
150300.0000 0.00005365
150400.0000 0.00005369
150500.0000 0.00005313
150600.0000 0.00005290
150700.0000 0.00005303
150800.0000 0.00005247
150900.0000 0.00005361
151000.0000 0.00005310
151100.0000 0.00005341
151200.0000 0.00005304
151300.0000 0.00005295
151400.0000 0.00005272
151500.0000 0.00005288
151600.0000 0.00005295
151700.0000 0.00005340
151800.0000 0.00005333
151900.0000 0.00005351
152000.0000 0.00005257
152100.0000 0.00005276
152200.0000 0.00005309
152300.0000 0.00005385
152400.0000 0.00005311
152500.0000 0.00005336
152600.0000 0.00005284
152700.0000 0.00005378
152800.0000 0.00005332
152900.0000 0.00005355
153000.0000 0.00005182
153100.0000 0.00005325
153200.0000 0.00005275
153300.0000 0.00005345
153400.0000 0.00005302
153500.0000 0.00005283
153600.0000 0.00005286
153700.0000 0.00005283
153800.0000 0.00005293
153900.0000 0.00005328
154000.0000 0.00005357
154100.0000 0.00005326
154200.0000 0.00005311
154300.0000 0.00005374
154400.0000 0.00005335
154500.0000 0.00005264
154600.0000 0.00005306
154700.0000 0.00005305
154800.0000 0.00005307
154900.0000 0.00005412
155000.0000 0.00005284
155100.0000 0.00005319
155200.0000 0.00005328
155300.0000 0.00005302
155400.0000 0.00005329
155500.0000 0.00005348
155600.0000 0.00005384
155700.0000 0.00005345
155800.0000 0.00005306
155900.0000 0.00005314
156000.0000 0.00005298
156100.0000 0.00005328
156200.0000 0.00005358
156300.0000 0.00005408
156400.0000 0.00005305
156500.0000 0.00005310
156600.0000 0.00005290
156700.0000 0.00005359
156800.0000 0.00005270
156900.0000 0.00005297
157000.0000 0.00005365
157100.0000 0.00005341
157200.0000 0.00005344
157300.0000 0.00005293
157400.0000 0.00005359
157500.0000 0.00005302
157600.0000 0.00005319
157700.0000 0.00005281
157800.0000 0.00005330
157900.0000 0.00005311
158000.0000 0.00005209
158100.0000 0.00005328
158200.0000 0.00005247
158300.0000 0.00005324
158400.0000 0.00005332
158500.0000 0.00005341
158600.0000 0.00005230
158700.0000 0.00005293
158800.0000 0.00005389
158900.0000 0.00005343
159000.0000 0.00005343
159100.0000 0.00005323
159200.0000 0.00005334
159300.0000 0.00005277
159400.0000 0.00005326
159500.0000 0.00005325
159600.0000 0.00005293
159700.0000 0.00005320
159800.0000 0.00005317
159900.0000 0.00005375
160000.0000 0.00005312
160100.0000 0.00005343
160200.0000 0.00005283
160300.0000 0.00005290
160400.0000 0.00005370
160500.0000 0.00005406
160600.0000 0.00005301
160700.0000 0.00005334
160800.0000 0.00005371
160900.0000 0.00005325
161000.0000 0.00005379
161100.0000 0.00005401
161200.0000 0.00005345
161300.0000 0.00005357
161400.0000 0.00005342
161500.0000 0.00005345
161600.0000 0.00005360
161700.0000 0.00005282
161800.0000 0.00005370
161900.0000 0.00005288
162000.0000 0.00005339
162100.0000 0.00005312
162200.0000 0.00005311
162300.0000 0.00005334
162400.0000 0.00005387
162500.0000 0.00005240
162600.0000 0.00005298
162700.0000 0.00005317
162800.0000 0.00005268
162900.0000 0.00005310
163000.0000 0.00005202
163100.0000 0.00005341
163200.0000 0.00005347
163300.0000 0.00005330
163400.0000 0.00005389
163500.0000 0.00005303
163600.0000 0.00005345
163700.0000 0.00005354
163800.0000 0.00005296
163900.0000 0.00005278
164000.0000 0.00005222
164100.0000 0.00005348
164200.0000 0.00005405
164300.0000 0.00005276
164400.0000 0.00005385
164500.0000 0.00005287
164600.0000 0.00005306
164700.0000 0.00005331
164800.0000 0.00005324
164900.0000 0.00005281
165000.0000 0.00005321
165100.0000 0.00005350
165200.0000 0.00005388
165300.0000 0.00005338
165400.0000 0.00005432
165500.0000 0.00005414
165600.0000 0.00005276
165700.0000 0.00005342
165800.0000 0.00005353
165900.0000 0.00005347
166000.0000 0.00005260
166100.0000 0.00005331
166200.0000 0.00005353
166300.0000 0.00005290
166400.0000 0.00005406
166500.0000 0.00005395
166600.0000 0.00005324
166700.0000 0.00005373
166800.0000 0.00005295
166900.0000 0.00005320
167000.0000 0.00005334
167100.0000 0.00005353
167200.0000 0.00005336
167300.0000 0.00005304
167400.0000 0.00005288
167500.0000 0.00005378
167600.0000 0.00005286
167700.0000 0.00005295
167800.0000 0.00005304
167900.0000 0.00005293
168000.0000 0.00005421
168100.0000 0.00005269
168200.0000 0.00005397
168300.0000 0.00005304
168400.0000 0.00005346
168500.0000 0.00005345
168600.0000 0.00005246
168700.0000 0.00005344
168800.0000 0.00005363
168900.0000 0.00005360
169000.0000 0.00005363
169100.0000 0.00005314
169200.0000 0.00005269
169300.0000 0.00005283
169400.0000 0.00005304
169500.0000 0.00005306
169600.0000 0.00005356
169700.0000 0.00005414
169800.0000 0.00005302
169900.0000 0.00005344
170000.0000 0.00005363
170100.0000 0.00005331
170200.0000 0.00005303
170300.0000 0.00005365
170400.0000 0.00005421
170500.0000 0.00005403
170600.0000 0.00005368
170700.0000 0.00005360
170800.0000 0.00005309
170900.0000 0.00005387
171000.0000 0.00005388
171100.0000 0.00005337
171200.0000 0.00005303
171300.0000 0.00005404
171400.0000 0.00005340
171500.0000 0.00005319
171600.0000 0.00005360
171700.0000 0.00005346
171800.0000 0.00005312
171900.0000 0.00005357
172000.0000 0.00005296
172100.0000 0.00005325
172200.0000 0.00005422
172300.0000 0.00005303
172400.0000 0.00005272
172500.0000 0.00005377
172600.0000 0.00005331
172700.0000 0.00005343
172800.0000 0.00005332
172900.0000 0.00005284
173000.0000 0.00005267
173100.0000 0.00005301
173200.0000 0.00005389
173300.0000 0.00005310
173400.0000 0.00005282
173500.0000 0.00005273
173600.0000 0.00005297
173700.0000 0.00005307
173800.0000 0.00005398
173900.0000 0.00005402
174000.0000 0.00005334
174100.0000 0.00005354
174200.0000 0.00005339
174300.0000 0.00005343
174400.0000 0.00005316
174500.0000 0.00005369
174600.0000 0.00005333
174700.0000 0.00005297
174800.0000 0.00005325
174900.0000 0.00005327
175000.0000 0.00005355
175100.0000 0.00005344
175200.0000 0.00005344
175300.0000 0.00005340
175400.0000 0.00005354
175500.0000 0.00005269
175600.0000 0.00005305
175700.0000 0.00005332
175800.0000 0.00005299
175900.0000 0.00005318
176000.0000 0.00005356
176100.0000 0.00005367
176200.0000 0.00005356
176300.0000 0.00005272
176400.0000 0.00005357
176500.0000 0.00005268
176600.0000 0.00005279
176700.0000 0.00005322
176800.0000 0.00005375
176900.0000 0.00005363
177000.0000 0.00005340
177100.0000 0.00005310
177200.0000 0.00005348
177300.0000 0.00005269
177400.0000 0.00005317
177500.0000 0.00005286
177600.0000 0.00005378
177700.0000 0.00005308
177800.0000 0.00005299
177900.0000 0.00005337
178000.0000 0.00005289
178100.0000 0.00005324
178200.0000 0.00005405
178300.0000 0.00005296
178400.0000 0.00005327
178500.0000 0.00005426
178600.0000 0.00005318
178700.0000 0.00005397
178800.0000 0.00005341
178900.0000 0.00005284
179000.0000 0.00005390
179100.0000 0.00005354
179200.0000 0.00005332
179300.0000 0.00005251
179400.0000 0.00005288
179500.0000 0.00005354
179600.0000 0.00005379
179700.0000 0.00005295
179800.0000 0.00005324
179900.0000 0.00005346
180000.0000 0.00005356
180100.0000 0.00005405
180200.0000 0.00005363
180300.0000 0.00005294
180400.0000 0.00005322
180500.0000 0.00005304
180600.0000 0.00005355
180700.0000 0.00005281
180800.0000 0.00005254
180900.0000 0.00005322
181000.0000 0.00005241
181100.0000 0.00005327
181200.0000 0.00005331
181300.0000 0.00005379
181400.0000 0.00005262
181500.0000 0.00005361
181600.0000 0.00005295
181700.0000 0.00005313
181800.0000 0.00005288
181900.0000 0.00005404
182000.0000 0.00005413
182100.0000 0.00005333
182200.0000 0.00005324
182300.0000 0.00005316
182400.0000 0.00005358
182500.0000 0.00005351
182600.0000 0.00005282
182700.0000 0.00005275
182800.0000 0.00005316
182900.0000 0.00005305
183000.0000 0.00005275
183100.0000 0.00005309
183200.0000 0.00005328
183300.0000 0.00005377
183400.0000 0.00005282
183500.0000 0.00005311
183600.0000 0.00005360
183700.0000 0.00005343
183800.0000 0.00005329
183900.0000 0.00005285
184000.0000 0.00005348
184100.0000 0.00005389
184200.0000 0.00005341
184300.0000 0.00005305
184400.0000 0.00005364
184500.0000 0.00005281
184600.0000 0.00005414
184700.0000 0.00005358
184800.0000 0.00005342
184900.0000 0.00005374
185000.0000 0.00005328
185100.0000 0.00005331
185200.0000 0.00005375
185300.0000 0.00005380
185400.0000 0.00005384
185500.0000 0.00005329
185600.0000 0.00005303
185700.0000 0.00005362
185800.0000 0.00005329
185900.0000 0.00005316
186000.0000 0.00005344
186100.0000 0.00005267
186200.0000 0.00005388
186300.0000 0.00005371
186400.0000 0.00005346
186500.0000 0.00005434
186600.0000 0.00005267
186700.0000 0.00005400
186800.0000 0.00005259
186900.0000 0.00005364
187000.0000 0.00005345
187100.0000 0.00005316
187200.0000 0.00005379
187300.0000 0.00005274
187400.0000 0.00005278
187500.0000 0.00005295
187600.0000 0.00005277
187700.0000 0.00005301
187800.0000 0.00005269
187900.0000 0.00005324
188000.0000 0.00005378
188100.0000 0.00005271
188200.0000 0.00005344
188300.0000 0.00005298
188400.0000 0.00005322
188500.0000 0.00005287
188600.0000 0.00005353
188700.0000 0.00005325
188800.0000 0.00005288
188900.0000 0.00005303
189000.0000 0.00005271
189100.0000 0.00005352
189200.0000 0.00005333
189300.0000 0.00005320
189400.0000 0.00005355
189500.0000 0.00005243
189600.0000 0.00005336
189700.0000 0.00005320
189800.0000 0.00005345
189900.0000 0.00005344
190000.0000 0.00005319
190100.0000 0.00005371
190200.0000 0.00005302
190300.0000 0.00005348
190400.0000 0.00005311
190500.0000 0.00005334
190600.0000 0.00005343
190700.0000 0.00005331
190800.0000 0.00005322
190900.0000 0.00005291
191000.0000 0.00005290
191100.0000 0.00005399
191200.0000 0.00005359
191300.0000 0.00005349
191400.0000 0.00005364
191500.0000 0.00005260
191600.0000 0.00005234
191700.0000 0.00005313
191800.0000 0.00005386
191900.0000 0.00005379
192000.0000 0.00005253
192100.0000 0.00005353
192200.0000 0.00005334
192300.0000 0.00005324
192400.0000 0.00005287
192500.0000 0.00005251
192600.0000 0.00005340
192700.0000 0.00005303
192800.0000 0.00005277
192900.0000 0.00005264
193000.0000 0.00005311
193100.0000 0.00005326
193200.0000 0.00005248
193300.0000 0.00005279
193400.0000 0.00005376
193500.0000 0.00005312
193600.0000 0.00005354
193700.0000 0.00005455
193800.0000 0.00005351
193900.0000 0.00005303
194000.0000 0.00005332
194100.0000 0.00005265
194200.0000 0.00005246
194300.0000 0.00005340
194400.0000 0.00005248
194500.0000 0.00005358
194600.0000 0.00005243
194700.0000 0.00005326
194800.0000 0.00005339
194900.0000 0.00005349
195000.0000 0.00005294
195100.0000 0.00005346
195200.0000 0.00005289
195300.0000 0.00005304
195400.0000 0.00005317
195500.0000 0.00005370
195600.0000 0.00005390
195700.0000 0.00005309
195800.0000 0.00005309
195900.0000 0.00005362
196000.0000 0.00005366
196100.0000 0.00005355
196200.0000 0.00005378
196300.0000 0.00005330
196400.0000 0.00005354
196500.0000 0.00005327
196600.0000 0.00005369
196700.0000 0.00005303
196800.0000 0.00005347
196900.0000 0.00005334
197000.0000 0.00005346
197100.0000 0.00005227
197200.0000 0.00005342
197300.0000 0.00005318
197400.0000 0.00005334
197500.0000 0.00005321
197600.0000 0.00005309
197700.0000 0.00005369
197800.0000 0.00005294
197900.0000 0.00005387
198000.0000 0.00005336
198100.0000 0.00005294
198200.0000 0.00005298
198300.0000 0.00005288
198400.0000 0.00005368
198500.0000 0.00005355
198600.0000 0.00005351
198700.0000 0.00005310
198800.0000 0.00005352
198900.0000 0.00005310
199000.0000 0.00005333
199100.0000 0.00005366
199200.0000 0.00005381
199300.0000 0.00005372
199400.0000 0.00005346
199500.0000 0.00005346
199600.0000 0.00005294
199700.0000 0.00005413
199800.0000 0.00005319
199900.0000 0.00005249
200000.0000 0.00005314
