# Time(ps) Median_Mean_Curvature(1/A)
0.0000 0.00007720
100.0000 0.00009445
200.0000 0.00014720
300.0000 0.00024521
400.0000 0.00017956
500.0000 0.00025199
600.0000 0.00025029
700.0000 0.00026998
800.0000 0.00027629
900.0000 0.00028088
1000.0000 0.00032242
1100.0000 0.00030266
1200.0000 0.00034761
1300.0000 0.00033435
1400.0000 0.00033316
1500.0000 0.00036404
1600.0000 0.00036500
1700.0000 0.00030513
1800.0000 0.00037886
1900.0000 0.00034795
2000.0000 0.00028081
2100.0000 0.00024550
2200.0000 0.00026748
2300.0000 0.00030909
2400.0000 0.00029663
2500.0000 0.00036178
2600.0000 0.00045307
2700.0000 0.00044168
2800.0000 0.00044687
2900.0000 0.00043140
3000.0000 0.00044821
3100.0000 0.00045057
3200.0000 0.00037530
3300.0000 0.00042470
3400.0000 0.00040196
3500.0000 0.00041281
3600.0000 0.00035794
3700.0000 0.00041790
3800.0000 0.00042550
3900.0000 0.00044431
4000.0000 0.00043918
4100.0000 0.00051987
4200.0000 0.00047979
4300.0000 0.00052291
4400.0000 0.00050248
4500.0000 0.00060075
4600.0000 0.00067027
4700.0000 0.00067907
4800.0000 0.00060928
4900.0000 0.00062183
5000.0000 0.00051913
5100.0000 0.00050296
5200.0000 0.00061014
5300.0000 0.00053073
5400.0000 0.00056542
5500.0000 0.00055986
5600.0000 0.00057505
5700.0000 0.00057377
5800.0000 0.00054160
5900.0000 0.00051784
6000.0000 0.00052753
6100.0000 0.00056399
6200.0000 0.00067537
6300.0000 0.00066158
6400.0000 0.00062963
6500.0000 0.00073528
6600.0000 0.00067978
6700.0000 0.00070721
6800.0000 0.00066992
6900.0000 0.00067707
7000.0000 0.00067308
7100.0000 0.00065096
7200.0000 0.00068566
7300.0000 0.00063551
7400.0000 0.00066905
7500.0000 0.00064649
7600.0000 0.00064100
7700.0000 0.00059882
7800.0000 0.00064486
7900.0000 0.00057967
8000.0000 0.00060700
8100.0000 0.00060282
8200.0000 0.00061044
8300.0000 0.00051683
8400.0000 0.00056088
8500.0000 0.00049173
8600.0000 0.00061453
8700.0000 0.00057080
8800.0000 0.00055161
8900.0000 0.00058984
9000.0000 0.00059811
9100.0000 0.00061269
9200.0000 0.00058615
9300.0000 0.00054658
9400.0000 0.00061170
9500.0000 0.00054804
9600.0000 0.00053940
9700.0000 0.00060211
9800.0000 0.00065761
9900.0000 0.00064287
10000.0000 0.00063377
10100.0000 0.00060970
10200.0000 0.00064087
10300.0000 0.00067032
10400.0000 0.00067282
10500.0000 0.00076309
10600.0000 0.00079642
10700.0000 0.00077453
10800.0000 0.00073318
10900.0000 0.00080427
11000.0000 0.00082916
11100.0000 0.00085221
11200.0000 0.00084633
11300.0000 0.00082726
11400.0000 0.00083544
11500.0000 0.00085593
11600.0000 0.00078527
11700.0000 0.00070963
11800.0000 0.00068997
11900.0000 0.00074274
12000.0000 0.00076757
12100.0000 0.00079115
12200.0000 0.00076458
12300.0000 0.00075103
12400.0000 0.00077726
12500.0000 0.00068594
12600.0000 0.00069993
12700.0000 0.00072549
12800.0000 0.00070859
12900.0000 0.00072300
13000.0000 0.00073247
13100.0000 0.00064742
13200.0000 0.00068673
13300.0000 0.00076536
13400.0000 0.00075263
13500.0000 0.00077007
13600.0000 0.00078828
13700.0000 0.00081859
13800.0000 0.00083415
13900.0000 0.00079988
14000.0000 0.00082550
14100.0000 0.00082928
14200.0000 0.00087988
14300.0000 0.00083522
14400.0000 0.00078126
14500.0000 0.00078716
14600.0000 0.00079528
14700.0000 0.00077624
14800.0000 0.00085711
14900.0000 0.00089378
15000.0000 0.00082096
15100.0000 0.00081838
15200.0000 0.00078128
15300.0000 0.00076219
15400.0000 0.00075770
15500.0000 0.00076271
15600.0000 0.00076276
15700.0000 0.00080988
15800.0000 0.00076444
15900.0000 0.00071010
16000.0000 0.00071501
16100.0000 0.00074673
16200.0000 0.00073392
16300.0000 0.00073353
16400.0000 0.00074170
16500.0000 0.00083422
16600.0000 0.00084544
16700.0000 0.00079179
16800.0000 0.00088238
16900.0000 0.00091221
17000.0000 0.00085870
17100.0000 0.00083313
17200.0000 0.00082356
17300.0000 0.00083483
17400.0000 0.00086620
17500.0000 0.00085836
17600.0000 0.00083080
17700.0000 0.00078660
17800.0000 0.00075773
17900.0000 0.00087353
18000.0000 0.00089739
18100.0000 0.00084844
18200.0000 0.00078364
18300.0000 0.00080404
18400.0000 0.00076214
18500.0000 0.00082298
18600.0000 0.00083954
18700.0000 0.00085138
18800.0000 0.00093123
18900.0000 0.00089754
19000.0000 0.00085652
19100.0000 0.00080028
19200.0000 0.00089332
19300.0000 0.00089841
19400.0000 0.00084550
19500.0000 0.00081511
19600.0000 0.00079319
19700.0000 0.00078535
19800.0000 0.00079091
19900.0000 0.00083746
20000.0000 0.00082443
20100.0000 0.00080123
20200.0000 0.00085206
20300.0000 0.00086446
20400.0000 0.00085444
20500.0000 0.00086048
20600.0000 0.00089216
20700.0000 0.00097972
20800.0000 0.00099583
20900.0000 0.00099476
21000.0000 0.00102999
21100.0000 0.00108239
21200.0000 0.00115086
21300.0000 0.00120006
21400.0000 0.00124105
21500.0000 0.00120002
21600.0000 0.00119131
21700.0000 0.00121350
21800.0000 0.00126497
21900.0000 0.00122388
22000.0000 0.00125342
22100.0000 0.00128829
22200.0000 0.00120252
22300.0000 0.00121677
22400.0000 0.00131398
22500.0000 0.00128814
22600.0000 0.00132728
22700.0000 0.00135547
22800.0000 0.00144401
22900.0000 0.00142438
23000.0000 0.00144185
23100.0000 0.00136774
23200.0000 0.00137786
23300.0000 0.00133759
23400.0000 0.00137131
23500.0000 0.00134549
23600.0000 0.00136243
23700.0000 0.00124831
23800.0000 0.00140917
23900.0000 0.00139894
24000.0000 0.00134480
24100.0000 0.00134688
24200.0000 0.00124307
24300.0000 0.00134639
24400.0000 0.00133616
24500.0000 0.00132526
24600.0000 0.00130779
24700.0000 0.00128656
24800.0000 0.00141316
24900.0000 0.00142042
25000.0000 0.00134284
25100.0000 0.00138197
25200.0000 0.00143690
25300.0000 0.00131759
25400.0000 0.00133225
25500.0000 0.00135364
25600.0000 0.00128491
25700.0000 0.00124433
25800.0000 0.00126914
25900.0000 0.00132476
26000.0000 0.00141569
26100.0000 0.00139687
26200.0000 0.00140213
26300.0000 0.00150481
26400.0000 0.00139894
26500.0000 0.00137630
26600.0000 0.00147371
26700.0000 0.00143872
26800.0000 0.00139715
26900.0000 0.00152101
27000.0000 0.00153737
27100.0000 0.00166077
27200.0000 0.00160416
27300.0000 0.00165692
27400.0000 0.00176891
27500.0000 0.00178932
27600.0000 0.00166770
27700.0000 0.00163711
27800.0000 0.00161521
27900.0000 0.00155503
28000.0000 0.00157256
28100.0000 0.00158538
28200.0000 0.00158895
28300.0000 0.00156580
28400.0000 0.00165471
28500.0000 0.00153825
28600.0000 0.00159101
28700.0000 0.00155434
28800.0000 0.00160428
28900.0000 0.00155536
29000.0000 0.00153182
29100.0000 0.00140891
29200.0000 0.00146366
29300.0000 0.00143036
29400.0000 0.00148437
29500.0000 0.00144890
29600.0000 0.00148848
29700.0000 0.00147117
29800.0000 0.00163081
29900.0000 0.00159323
30000.0000 0.00155398
30100.0000 0.00159521
30200.0000 0.00161335
30300.0000 0.00155783
30400.0000 0.00155961
30500.0000 0.00159953
30600.0000 0.00163933
30700.0000 0.00154388
30800.0000 0.00165088
30900.0000 0.00171128
31000.0000 0.00169792
31100.0000 0.00168631
31200.0000 0.00174392
31300.0000 0.00167415
31400.0000 0.00170097
31500.0000 0.00177204
31600.0000 0.00174801
31700.0000 0.00179313
31800.0000 0.00179292
31900.0000 0.00179189
32000.0000 0.00181448
32100.0000 0.00187506
32200.0000 0.00181509
32300.0000 0.00185852
32400.0000 0.00181708
32500.0000 0.00187962
32600.0000 0.00187784
32700.0000 0.00194919
32800.0000 0.00203698
32900.0000 0.00207927
33000.0000 0.00208266
33100.0000 0.00204179
33200.0000 0.00204894
33300.0000 0.00201924
33400.0000 0.00208790
33500.0000 0.00201136
33600.0000 0.00204246
33700.0000 0.00200736
33800.0000 0.00206172
33900.0000 0.00204090
34000.0000 0.00203966
34100.0000 0.00207279
34200.0000 0.00212164
34300.0000 0.00209982
34400.0000 0.00212865
34500.0000 0.00206776
34600.0000 0.00207925
34700.0000 0.00209215
34800.0000 0.00200678
34900.0000 0.00196389
35000.0000 0.00200684
35100.0000 0.00198421
35200.0000 0.00199271
35300.0000 0.00208610
35400.0000 0.00209340
35500.0000 0.00211681
35600.0000 0.00207767
35700.0000 0.00209367
35800.0000 0.00206533
35900.0000 0.00199866
36000.0000 0.00211399
36100.0000 0.00205755
36200.0000 0.00209380
36300.0000 0.00212272
36400.0000 0.00213124
36500.0000 0.00209591
36600.0000 0.00206783
36700.0000 0.00210794
36800.0000 0.00210460
36900.0000 0.00218936
37000.0000 0.00221418
37100.0000 0.00219237
37200.0000 0.00207762
37300.0000 0.00215018
37400.0000 0.00208880
37500.0000 0.00216776
37600.0000 0.00217563
37700.0000 0.00219873
37800.0000 0.00216469
37900.0000 0.00212693
38000.0000 0.00218926
38100.0000 0.00219954
38200.0000 0.00220982
38300.0000 0.00225229
38400.0000 0.00209199
38500.0000 0.00224337
38600.0000 0.00226648
38700.0000 0.00229132
38800.0000 0.00238748
38900.0000 0.00235989
39000.0000 0.00229036
39100.0000 0.00233976
39200.0000 0.00231542
39300.0000 0.00228333
39400.0000 0.00227889
39500.0000 0.00229711
39600.0000 0.00228028
39700.0000 0.00228973
39800.0000 0.00234038
39900.0000 0.00227098
40000.0000 0.00233942
40100.0000 0.00240296
40200.0000 0.00240589
40300.0000 0.00244477
40400.0000 0.00238388
40500.0000 0.00236657
40600.0000 0.00240296
40700.0000 0.00245952
40800.0000 0.00240100
40900.0000 0.00236197
41000.0000 0.00240774
41100.0000 0.00238142
41200.0000 0.00240618
41300.0000 0.00233851
41400.0000 0.00234526
41500.0000 0.00223216
41600.0000 0.00223701
41700.0000 0.00223624
41800.0000 0.00238014
41900.0000 0.00229410
42000.0000 0.00227167
42100.0000 0.00224934
42200.0000 0.00234424
42300.0000 0.00230408
42400.0000 0.00223684
42500.0000 0.00227566
42600.0000 0.00225540
42700.0000 0.00231737
42800.0000 0.00232907
42900.0000 0.00233265
43000.0000 0.00231359
43100.0000 0.00242975
43200.0000 0.00244484
43300.0000 0.00243812
43400.0000 0.00247167
43500.0000 0.00248714
43600.0000 0.00254236
43700.0000 0.00258218
43800.0000 0.00265074
43900.0000 0.00265581
44000.0000 0.00260265
44100.0000 0.00257570
44200.0000 0.00264028
44300.0000 0.00265710
44400.0000 0.00264571
44500.0000 0.00262225
44600.0000 0.00267314
44700.0000 0.00271121
44800.0000 0.00269128
44900.0000 0.00268157
45000.0000 0.00285940
45100.0000 0.00283421
45200.0000 0.00285295
45300.0000 0.00281501
45400.0000 0.00292226
45500.0000 0.00295035
45600.0000 0.00292508
45700.0000 0.00298443
45800.0000 0.00294821
45900.0000 0.00296907
46000.0000 0.00290298
46100.0000 0.00299270
46200.0000 0.00300086
46300.0000 0.00293379
46400.0000 0.00304164
46500.0000 0.00308380
46600.0000 0.00315792
46700.0000 0.00320958
46800.0000 0.00320354
46900.0000 0.00334212
47000.0000 0.00343719
47100.0000 0.00345215
47200.0000 0.00347172
47300.0000 0.00342163
47400.0000 0.00342928
47500.0000 0.00339698
47600.0000 0.00346355
47700.0000 0.00339241
47800.0000 0.00350903
47900.0000 0.00355208
48000.0000 0.00362500
48100.0000 0.00356794
48200.0000 0.00358089
48300.0000 0.00356012
48400.0000 0.00365511
48500.0000 0.00373483
48600.0000 0.00372183
48700.0000 0.00365619
48800.0000 0.00375295
48900.0000 0.00378092
49000.0000 0.00382838
49100.0000 0.00386956
49200.0000 0.00392150
49300.0000 0.00392065
49400.0000 0.00396114
49500.0000 0.00385593
49600.0000 0.00400558
49700.0000 0.00396580
49800.0000 0.00414266
49900.0000 0.00414474
50000.0000 0.00411677
50100.0000 0.00406730
50200.0000 0.00405498
50300.0000 0.00411615
50400.0000 0.00416835
50500.0000 0.00414446
50600.0000 0.00407841
50700.0000 0.00408281
50800.0000 0.00411536
50900.0000 0.00410515
51000.0000 0.00413462
51100.0000 0.00404801
51200.0000 0.00409219
51300.0000 0.00409146
51400.0000 0.00403117
51500.0000 0.00398336
51600.0000 0.00401600
51700.0000 0.00400856
51800.0000 0.00406977
51900.0000 0.00404379
52000.0000 0.00409860
52100.0000 0.00407418
52200.0000 0.00402387
52300.0000 0.00406794
52400.0000 0.00409474
52500.0000 0.00409603
52600.0000 0.00412979
52700.0000 0.00414135
52800.0000 0.00413834
52900.0000 0.00416495
53000.0000 0.00425038
53100.0000 0.00421592
53200.0000 0.00420950
53300.0000 0.00431178
53400.0000 0.00438856
53500.0000 0.00451399
53600.0000 0.00444001
53700.0000 0.00450179
53800.0000 0.00454411
53900.0000 0.00454503
54000.0000 0.00448026
54100.0000 0.00456350
54200.0000 0.00460550
54300.0000 0.00453574
54400.0000 0.00439666
54500.0000 0.00455620
54600.0000 0.00457623
54700.0000 0.00456987
54800.0000 0.00458263
54900.0000 0.00467413
55000.0000 0.00467164
55100.0000 0.00470314
55200.0000 0.00471266
55300.0000 0.00472897
55400.0000 0.00471230
55500.0000 0.00470687
55600.0000 0.00476341
55700.0000 0.00477009
55800.0000 0.00477799
55900.0000 0.00482226
56000.0000 0.00487116
56100.0000 0.00493038
56200.0000 0.00494918
56300.0000 0.00497809
56400.0000 0.00498854
56500.0000 0.00497142
56600.0000 0.00496176
56700.0000 0.00501296
56800.0000 0.00500729
56900.0000 0.00496852
57000.0000 0.00510258
57100.0000 0.00520189
57200.0000 0.00516396
57300.0000 0.00524147
57400.0000 0.00535750
57500.0000 0.00538087
57600.0000 0.00537114
57700.0000 0.00538093
57800.0000 0.00539365
57900.0000 0.00534622
58000.0000 0.00542905
58100.0000 0.00542579
58200.0000 0.00545487
58300.0000 0.00544951
58400.0000 0.00543549
58500.0000 0.00546120
58600.0000 0.00545626
58700.0000 0.00544017
58800.0000 0.00544346
58900.0000 0.00551382
59000.0000 0.00552944
59100.0000 0.00548521
59200.0000 0.00541134
59300.0000 0.00549338
59400.0000 0.00550570
59500.0000 0.00551252
59600.0000 0.00551470
59700.0000 0.00553423
59800.0000 0.00550984
59900.0000 0.00552809
60000.0000 0.00561446
60100.0000 0.00557875
60200.0000 0.00552808
60300.0000 0.00561698
60400.0000 0.00569448
60500.0000 0.00566206
60600.0000 0.00571592
60700.0000 0.00570414
60800.0000 0.00569883
60900.0000 0.00571077
61000.0000 0.00572446
61100.0000 0.00565153
61200.0000 0.00572451
61300.0000 0.00573410
61400.0000 0.00572882
61500.0000 0.00569617
61600.0000 0.00574076
61700.0000 0.00574706
61800.0000 0.00574898
61900.0000 0.00569483
62000.0000 0.00580319
62100.0000 0.00575992
62200.0000 0.00578502
62300.0000 0.00577372
62400.0000 0.00580484
62500.0000 0.00582257
62600.0000 0.00580652
62700.0000 0.00577743
62800.0000 0.00582111
62900.0000 0.00582579
63000.0000 0.00585529
63100.0000 0.00591383
63200.0000 0.00595822
63300.0000 0.00602438
63400.0000 0.00599489
63500.0000 0.00603006
63600.0000 0.00602284
63700.0000 0.00597280
63800.0000 0.00600186
63900.0000 0.00597537
64000.0000 0.00607062
64100.0000 0.00607898
64200.0000 0.00613904
64300.0000 0.00610445
64400.0000 0.00616645
64500.0000 0.00621810
64600.0000 0.00623322
64700.0000 0.00619382
64800.0000 0.00620366
64900.0000 0.00625163
65000.0000 0.00628952
65100.0000 0.00636380
65200.0000 0.00635769
65300.0000 0.00640209
65400.0000 0.00637844
65500.0000 0.00637617
65600.0000 0.00638378
65700.0000 0.00643344
65800.0000 0.00641902
65900.0000 0.00634951
66000.0000 0.00642826
66100.0000 0.00637005
66200.0000 0.00641624
66300.0000 0.00642306
66400.0000 0.00644585
66500.0000 0.00646526
66600.0000 0.00649030
66700.0000 0.00644364
66800.0000 0.00644509
66900.0000 0.00656156
67000.0000 0.00656127
67100.0000 0.00651294
67200.0000 0.00652006
67300.0000 0.00663521
67400.0000 0.00663445
67500.0000 0.00667457
67600.0000 0.00667228
67700.0000 0.00669642
67800.0000 0.00666686
67900.0000 0.00672393
68000.0000 0.00672829
68100.0000 0.00672017
68200.0000 0.00669718
68300.0000 0.00669158
68400.0000 0.00667399
68500.0000 0.00677798
68600.0000 0.00683813
68700.0000 0.00684507
68800.0000 0.00679890
68900.0000 0.00671171
69000.0000 0.00673389
69100.0000 0.00682811
69200.0000 0.00675319
69300.0000 0.00674004
69400.0000 0.00677894
69500.0000 0.00678511
69600.0000 0.00683028
69700.0000 0.00691793
69800.0000 0.00689157
69900.0000 0.00700755
70000.0000 0.00697380
70100.0000 0.00703328
70200.0000 0.00709841
70300.0000 0.00699533
70400.0000 0.00703235
70500.0000 0.00700757
70600.0000 0.00704148
70700.0000 0.00706033
70800.0000 0.00716013
70900.0000 0.00714102
71000.0000 0.00711862
71100.0000 0.00709102
71200.0000 0.00710279
71300.0000 0.00711517
71400.0000 0.00719039
71500.0000 0.00716754
71600.0000 0.00721819
71700.0000 0.00723256
71800.0000 0.00731087
71900.0000 0.00727521
72000.0000 0.00723285
72100.0000 0.00723448
72200.0000 0.00732678
72300.0000 0.00731001
72400.0000 0.00733868
72500.0000 0.00730735
72600.0000 0.00730481
72700.0000 0.00732729
72800.0000 0.00733779
72900.0000 0.00724895
73000.0000 0.00740158
73100.0000 0.00737035
73200.0000 0.00741539
73300.0000 0.00739049
73400.0000 0.00734705
73500.0000 0.00737366
73600.0000 0.00745633
73700.0000 0.00739780
73800.0000 0.00743558
73900.0000 0.00749571
74000.0000 0.00748464
74100.0000 0.00742039
74200.0000 0.00749700
74300.0000 0.00751561
74400.0000 0.00749522
74500.0000 0.00753762
74600.0000 0.00749293
74700.0000 0.00749635
74800.0000 0.00760923
74900.0000 0.00770395
75000.0000 0.00762075
75100.0000 0.00766088
75200.0000 0.00764412
75300.0000 0.00757743
75400.0000 0.00764754
75500.0000 0.00768497
75600.0000 0.00773438
75700.0000 0.00771196
75800.0000 0.00771941
75900.0000 0.00766698
76000.0000 0.00767683
76100.0000 0.00773155
76200.0000 0.00772937
76300.0000 0.00769900
76400.0000 0.00770599
76500.0000 0.00779317
76600.0000 0.00777077
76700.0000 0.00776285
76800.0000 0.00775089
76900.0000 0.00782692
77000.0000 0.00782130
77100.0000 0.00785396
77200.0000 0.00791098
77300.0000 0.00783368
77400.0000 0.00791588
77500.0000 0.00797612
77600.0000 0.00799608
77700.0000 0.00804800
77800.0000 0.00802113
77900.0000 0.00803790
78000.0000 0.00809765
78100.0000 0.00808103
78200.0000 0.00814451
78300.0000 0.00813366
78400.0000 0.00807132
78500.0000 0.00812270
78600.0000 0.00812715
78700.0000 0.00808666
78800.0000 0.00811211
78900.0000 0.00810626
79000.0000 0.00817330
79100.0000 0.00820737
79200.0000 0.00819359
79300.0000 0.00817196
79400.0000 0.00813801
79500.0000 0.00820057
79600.0000 0.00816626
79700.0000 0.00820762
79800.0000 0.00828028
79900.0000 0.00829256
80000.0000 0.00822508
80100.0000 0.00822198
80200.0000 0.00829736
80300.0000 0.00817443
80400.0000 0.00825447
80500.0000 0.00826787
80600.0000 0.00827154
80700.0000 0.00825555
80800.0000 0.00833583
80900.0000 0.00834893
81000.0000 0.00834019
81100.0000 0.00834084
81200.0000 0.00829621
81300.0000 0.00833478
81400.0000 0.00830720
81500.0000 0.00837091
81600.0000 0.00833412
81700.0000 0.00829955
81800.0000 0.00833983
81900.0000 0.00828320
82000.0000 0.00835114
82100.0000 0.00834233
82200.0000 0.00835274
82300.0000 0.00839141
82400.0000 0.00832131
82500.0000 0.00839156
82600.0000 0.00830384
82700.0000 0.00835004
82800.0000 0.00844614
82900.0000 0.00839612
83000.0000 0.00837538
83100.0000 0.00843126
83200.0000 0.00847162
83300.0000 0.00846556
83400.0000 0.00837460
83500.0000 0.00842865
83600.0000 0.00839257
83700.0000 0.00840599
83800.0000 0.00841343
83900.0000 0.00844829
84000.0000 0.00849274
84100.0000 0.00846057
84200.0000 0.00841573
84300.0000 0.00849041
84400.0000 0.00845056
84500.0000 0.00845979
84600.0000 0.00842737
84700.0000 0.00843110
84800.0000 0.00849135
84900.0000 0.00838530
85000.0000 0.00849502
85100.0000 0.00852089
85200.0000 0.00851066
85300.0000 0.00844633
85400.0000 0.00851484
85500.0000 0.00849774
85600.0000 0.00851107
85700.0000 0.00851118
85800.0000 0.00854611
85900.0000 0.00854178
86000.0000 0.00852963
86100.0000 0.00859887
86200.0000 0.00860340
86300.0000 0.00861602
86400.0000 0.00858923
86500.0000 0.00865044
86600.0000 0.00858432
86700.0000 0.00856307
86800.0000 0.00863411
86900.0000 0.00859723
87000.0000 0.00862152
87100.0000 0.00860951
87200.0000 0.00855424
87300.0000 0.00859106
87400.0000 0.00860915
87500.0000 0.00864406
87600.0000 0.00864386
87700.0000 0.00869163
87800.0000 0.00875176
87900.0000 0.00866848
88000.0000 0.00860461
88100.0000 0.00860564
88200.0000 0.00864629
88300.0000 0.00866738
88400.0000 0.00869395
88500.0000 0.00873610
88600.0000 0.00872103
88700.0000 0.00874282
88800.0000 0.00875511
88900.0000 0.00875332
89000.0000 0.00874142
89100.0000 0.00873369
89200.0000 0.00871123
89300.0000 0.00872712
89400.0000 0.00871281
89500.0000 0.00872085
89600.0000 0.00877049
89700.0000 0.00870747
89800.0000 0.00870775
89900.0000 0.00871859
90000.0000 0.00876180
90100.0000 0.00876995
90200.0000 0.00882417
90300.0000 0.00876382
90400.0000 0.00876945
90500.0000 0.00879253
90600.0000 0.00883930
90700.0000 0.00876798
90800.0000 0.00878094
90900.0000 0.00889476
91000.0000 0.00893004
91100.0000 0.00889799
91200.0000 0.00879974
91300.0000 0.00886764
91400.0000 0.00881508
91500.0000 0.00876496
91600.0000 0.00887426
91700.0000 0.00884466
91800.0000 0.00885641
91900.0000 0.00883769
92000.0000 0.00884861
92100.0000 0.00888724
92200.0000 0.00889141
92300.0000 0.00892709
92400.0000 0.00890166
92500.0000 0.00884787
92600.0000 0.00891096
92700.0000 0.00892993
92800.0000 0.00884804
92900.0000 0.00885584
93000.0000 0.00892882
93100.0000 0.00891616
93200.0000 0.00890143
93300.0000 0.00896767
93400.0000 0.00892056
93500.0000 0.00893718
93600.0000 0.00893182
93700.0000 0.00898997
93800.0000 0.00895107
93900.0000 0.00903003
94000.0000 0.00900195
94100.0000 0.00895835
94200.0000 0.00900973
94300.0000 0.00896480
94400.0000 0.00902286
94500.0000 0.00901093
94600.0000 0.00902540
94700.0000 0.00901381
94800.0000 0.00904184
94900.0000 0.00900778
95000.0000 0.00908120
95100.0000 0.00904653
95200.0000 0.00898992
95300.0000 0.00909548
95400.0000 0.00904045
95500.0000 0.00903376
95600.0000 0.00896461
95700.0000 0.00903576
95800.0000 0.00897855
95900.0000 0.00898276
96000.0000 0.00908857
96100.0000 0.00901604
96200.0000 0.00903699
96300.0000 0.00903263
96400.0000 0.00899678
96500.0000 0.00899821
96600.0000 0.00898215
96700.0000 0.00900490
96800.0000 0.00903150
96900.0000 0.00904342
97000.0000 0.00901839
97100.0000 0.00899932
97200.0000 0.00906936
97300.0000 0.00906693
97400.0000 0.00906727
97500.0000 0.00899777
97600.0000 0.00899847
97700.0000 0.00908556
97800.0000 0.00904371
97900.0000 0.00908530
98000.0000 0.00906793
98100.0000 0.00904522
98200.0000 0.00907028
98300.0000 0.00908210
98400.0000 0.00904090
98500.0000 0.00908504
98600.0000 0.00912168
98700.0000 0.00908171
98800.0000 0.00907464
98900.0000 0.00908080
99000.0000 0.00910509
99100.0000 0.00909287
99200.0000 0.00907359
99300.0000 0.00914573
99400.0000 0.00909097
99500.0000 0.00907153
99600.0000 0.00911313
99700.0000 0.00906175
99800.0000 0.00910212
99900.0000 0.00908109
100000.0000 0.00909409
100100.0000 0.00908992
100200.0000 0.00912008
100300.0000 0.00908836
100400.0000 0.00908950
100500.0000 0.00905422
100600.0000 0.00909565
100700.0000 0.00908755
100800.0000 0.00908794
100900.0000 0.00909799
101000.0000 0.00908343
101100.0000 0.00906929
101200.0000 0.00909117
101300.0000 0.00906909
101400.0000 0.00911318
101500.0000 0.00909890
101600.0000 0.00911280
101700.0000 0.00912235
101800.0000 0.00906637
101900.0000 0.00906109
102000.0000 0.00911739
102100.0000 0.00907432
102200.0000 0.00906699
102300.0000 0.00905655
102400.0000 0.00908835
102500.0000 0.00903472
102600.0000 0.00908093
102700.0000 0.00908605
102800.0000 0.00906575
102900.0000 0.00912306
103000.0000 0.00911260
103100.0000 0.00906664
103200.0000 0.00911244
103300.0000 0.00909339
103400.0000 0.00910560
103500.0000 0.00905869
103600.0000 0.00908595
103700.0000 0.00907240
103800.0000 0.00911224
103900.0000 0.00906094
104000.0000 0.00905867
104100.0000 0.00913466
104200.0000 0.00912962
104300.0000 0.00910350
104400.0000 0.00910485
104500.0000 0.00903943
104600.0000 0.00906576
104700.0000 0.00911233
104800.0000 0.00911985
104900.0000 0.00908609
105000.0000 0.00913762
105100.0000 0.00907255
105200.0000 0.00907931
105300.0000 0.00911902
105400.0000 0.00909241
105500.0000 0.00903806
105600.0000 0.00909338
105700.0000 0.00910294
105800.0000 0.00914838
105900.0000 0.00911658
106000.0000 0.00908791
106100.0000 0.00907623
106200.0000 0.00905932
106300.0000 0.00906775
106400.0000 0.00901889
106500.0000 0.00907436
106600.0000 0.00901534
106700.0000 0.00907323
106800.0000 0.00907204
106900.0000 0.00907159
107000.0000 0.00908422
107100.0000 0.00909343
107200.0000 0.00913229
107300.0000 0.00908217
107400.0000 0.00902293
107500.0000 0.00909999
107600.0000 0.00910178
107700.0000 0.00908416
107800.0000 0.00906313
107900.0000 0.00907672
108000.0000 0.00910277
108100.0000 0.00911287
108200.0000 0.00909868
108300.0000 0.00914467
108400.0000 0.00910124
108500.0000 0.00907207
108600.0000 0.00904588
108700.0000 0.00907601
108800.0000 0.00911972
108900.0000 0.00907594
109000.0000 0.00907491
109100.0000 0.00912278
109200.0000 0.00903430
109300.0000 0.00911171
109400.0000 0.00914650
109500.0000 0.00908041
109600.0000 0.00909527
109700.0000 0.00907023
109800.0000 0.00907623
109900.0000 0.00905909
110000.0000 0.00909682
110100.0000 0.00909328
110200.0000 0.00907518
110300.0000 0.00909704
110400.0000 0.00907281
110500.0000 0.00906557
110600.0000 0.00908827
110700.0000 0.00908548
110800.0000 0.00907693
110900.0000 0.00909963
111000.0000 0.00906931
111100.0000 0.00910511
111200.0000 0.00907475
111300.0000 0.00910388
111400.0000 0.00912624
111500.0000 0.00905855
111600.0000 0.00914268
111700.0000 0.00903562
111800.0000 0.00908658
111900.0000 0.00905214
112000.0000 0.00907840
112100.0000 0.00906870
112200.0000 0.00910811
112300.0000 0.00907515
112400.0000 0.00909340
112500.0000 0.00903557
112600.0000 0.00910680
112700.0000 0.00911170
112800.0000 0.00910403
112900.0000 0.00913134
113000.0000 0.00910407
113100.0000 0.00907277
113200.0000 0.00910342
113300.0000 0.00912732
113400.0000 0.00907995
113500.0000 0.00904686
113600.0000 0.00909799
113700.0000 0.00906850
113800.0000 0.00908854
113900.0000 0.00907517
114000.0000 0.00903283
114100.0000 0.00908977
114200.0000 0.00915805
114300.0000 0.00907680
114400.0000 0.00910010
114500.0000 0.00911893
114600.0000 0.00909433
114700.0000 0.00909880
114800.0000 0.00907076
114900.0000 0.00913902
115000.0000 0.00907220
115100.0000 0.00916799
115200.0000 0.00910887
115300.0000 0.00908066
115400.0000 0.00913079
115500.0000 0.00908852
115600.0000 0.00906553
115700.0000 0.00909222
115800.0000 0.00912161
115900.0000 0.00911395
116000.0000 0.00904885
116100.0000 0.00908792
116200.0000 0.00907758
116300.0000 0.00910571
116400.0000 0.00910232
116500.0000 0.00913229
116600.0000 0.00913322
116700.0000 0.00911062
116800.0000 0.00903887
116900.0000 0.00910695
117000.0000 0.00906068
117100.0000 0.00909941
117200.0000 0.00911731
117300.0000 0.00908222
117400.0000 0.00905250
117500.0000 0.00904856
117600.0000 0.00909649
117700.0000 0.00914805
117800.0000 0.00906652
117900.0000 0.00911895
118000.0000 0.00904722
118100.0000 0.00912797
118200.0000 0.00906687
118300.0000 0.00912034
118400.0000 0.00903891
118500.0000 0.00909729
118600.0000 0.00912376
118700.0000 0.00912693
118800.0000 0.00911331
118900.0000 0.00912017
119000.0000 0.00908836
119100.0000 0.00908922
119200.0000 0.00910463
119300.0000 0.00905305
119400.0000 0.00908593
119500.0000 0.00910342
119600.0000 0.00910513
119700.0000 0.00908260
119800.0000 0.00908223
119900.0000 0.00903271
120000.0000 0.00911512
120100.0000 0.00911384
120200.0000 0.00905598
120300.0000 0.00909835
120400.0000 0.00906983
120500.0000 0.00909708
120600.0000 0.00902737
120700.0000 0.00911131
120800.0000 0.00911646
120900.0000 0.00906336
121000.0000 0.00907894
121100.0000 0.00909391
121200.0000 0.00909001
121300.0000 0.00906007
121400.0000 0.00914677
121500.0000 0.00907469
121600.0000 0.00908544
121700.0000 0.00910691
121800.0000 0.00909012
121900.0000 0.00902976
122000.0000 0.00911214
122100.0000 0.00912298
122200.0000 0.00913170
122300.0000 0.00906933
122400.0000 0.00909681
122500.0000 0.00907799
122600.0000 0.00905839
122700.0000 0.00905389
122800.0000 0.00909518
122900.0000 0.00907146
123000.0000 0.00912851
123100.0000 0.00910954
123200.0000 0.00911023
123300.0000 0.00911397
123400.0000 0.00908496
123500.0000 0.00908747
123600.0000 0.00914482
123700.0000 0.00910444
123800.0000 0.00910629
123900.0000 0.00909239
124000.0000 0.00904517
124100.0000 0.00911405
124200.0000 0.00912521
124300.0000 0.00909297
124400.0000 0.00909273
124500.0000 0.00908799
124600.0000 0.00916755
124700.0000 0.00904482
124800.0000 0.00906296
124900.0000 0.00908332
125000.0000 0.00906544
125100.0000 0.00901645
125200.0000 0.00904038
125300.0000 0.00908115
125400.0000 0.00911225
125500.0000 0.00912162
125600.0000 0.00913355
125700.0000 0.00907887
125800.0000 0.00909816
125900.0000 0.00908385
126000.0000 0.00908111
126100.0000 0.00907038
126200.0000 0.00910335
126300.0000 0.00911050
126400.0000 0.00903344
126500.0000 0.00904978
126600.0000 0.00909291
126700.0000 0.00913973
126800.0000 0.00905387
126900.0000 0.00907834
127000.0000 0.00908033
127100.0000 0.00907326
127200.0000 0.00909179
127300.0000 0.00907572
127400.0000 0.00903538
127500.0000 0.00909263
127600.0000 0.00907693
127700.0000 0.00912354
127800.0000 0.00911454
127900.0000 0.00905546
128000.0000 0.00910124
128100.0000 0.00907869
128200.0000 0.00911828
128300.0000 0.00903272
128400.0000 0.00913572
128500.0000 0.00908982
128600.0000 0.00908490
128700.0000 0.00908901
128800.0000 0.00909118
128900.0000 0.00905318
129000.0000 0.00906341
129100.0000 0.00904112
129200.0000 0.00903856
129300.0000 0.00917867
129400.0000 0.00909314
129500.0000 0.00912630
129600.0000 0.00910523
129700.0000 0.00909821
129800.0000 0.00908028
129900.0000 0.00903535
130000.0000 0.00909134
130100.0000 0.00904119
130200.0000 0.00912096
130300.0000 0.00909030
130400.0000 0.00908377
130500.0000 0.00905791
130600.0000 0.00907748
130700.0000 0.00906915
130800.0000 0.00911420
130900.0000 0.00911850
131000.0000 0.00910536
131100.0000 0.00909425
131200.0000 0.00904590
131300.0000 0.00906727
131400.0000 0.00908718
131500.0000 0.00907118
131600.0000 0.00906768
131700.0000 0.00915290
131800.0000 0.00910902
131900.0000 0.00908366
132000.0000 0.00903787
132100.0000 0.00903431
132200.0000 0.00912414
132300.0000 0.00914933
132400.0000 0.00906676
132500.0000 0.00909839
132600.0000 0.00909457
132700.0000 0.00902864
132800.0000 0.00905859
132900.0000 0.00908761
133000.0000 0.00913027
133100.0000 0.00905800
133200.0000 0.00905426
133300.0000 0.00912946
133400.0000 0.00910754
133500.0000 0.00907355
133600.0000 0.00912948
133700.0000 0.00903001
133800.0000 0.00911122
133900.0000 0.00907796
134000.0000 0.00901175
134100.0000 0.00910220
134200.0000 0.00908683
134300.0000 0.00904927
134400.0000 0.00908480
134500.0000 0.00909646
134600.0000 0.00913441
134700.0000 0.00911436
134800.0000 0.00905979
134900.0000 0.00902878
135000.0000 0.00906739
135100.0000 0.00909891
135200.0000 0.00906066
135300.0000 0.00908624
135400.0000 0.00912402
135500.0000 0.00908230
135600.0000 0.00906632
135700.0000 0.00910119
135800.0000 0.00904682
135900.0000 0.00912490
136000.0000 0.00907293
136100.0000 0.00906493
136200.0000 0.00906476
136300.0000 0.00912239
136400.0000 0.00908877
136500.0000 0.00909048
136600.0000 0.00906062
136700.0000 0.00905337
136800.0000 0.00909759
136900.0000 0.00909510
137000.0000 0.00912443
137100.0000 0.00905993
137200.0000 0.00900834
137300.0000 0.00910059
137400.0000 0.00903973
137500.0000 0.00908146
137600.0000 0.00913409
137700.0000 0.00911444
137800.0000 0.00911158
137900.0000 0.00912149
138000.0000 0.00908130
138100.0000 0.00906979
138200.0000 0.00910157
138300.0000 0.00906029
138400.0000 0.00907833
138500.0000 0.00910954
138600.0000 0.00907428
138700.0000 0.00911728
138800.0000 0.00908112
138900.0000 0.00911746
139000.0000 0.00909904
139100.0000 0.00908491
139200.0000 0.00908404
139300.0000 0.00908137
139400.0000 0.00906384
139500.0000 0.00905993
139600.0000 0.00909346
139700.0000 0.00909205
139800.0000 0.00904465
139900.0000 0.00903984
140000.0000 0.00901636
140100.0000 0.00904230
140200.0000 0.00910345
140300.0000 0.00908608
140400.0000 0.00910880
140500.0000 0.00906814
140600.0000 0.00908586
140700.0000 0.00910479
140800.0000 0.00908044
140900.0000 0.00911010
141000.0000 0.00914919
141100.0000 0.00912920
141200.0000 0.00905009
141300.0000 0.00910812
141400.0000 0.00904639
141500.0000 0.00909511
141600.0000 0.00912545
141700.0000 0.00904772
141800.0000 0.00911276
141900.0000 0.00909870
142000.0000 0.00911515
142100.0000 0.00909021
142200.0000 0.00914788
142300.0000 0.00905189
142400.0000 0.00907853
142500.0000 0.00906128
142600.0000 0.00908711
142700.0000 0.00910517
142800.0000 0.00909143
142900.0000 0.00906392
143000.0000 0.00912720
143100.0000 0.00906739
143200.0000 0.00903189
143300.0000 0.00912487
143400.0000 0.00907470
143500.0000 0.00911348
143600.0000 0.00909551
143700.0000 0.00903502
143800.0000 0.00909341
143900.0000 0.00904833
144000.0000 0.00912817
144100.0000 0.00912650
144200.0000 0.00912686
144300.0000 0.00910936
144400.0000 0.00906902
144500.0000 0.00913451
144600.0000 0.00912960
144700.0000 0.00906675
144800.0000 0.00908421
144900.0000 0.00906888
145000.0000 0.00907633
145100.0000 0.00905896
145200.0000 0.00906815
145300.0000 0.00906187
145400.0000 0.00908533
145500.0000 0.00907017
145600.0000 0.00911214
145700.0000 0.00907938
145800.0000 0.00912523
145900.0000 0.00906411
146000.0000 0.00907439
146100.0000 0.00908662
146200.0000 0.00911703
146300.0000 0.00905313
146400.0000 0.00907519
146500.0000 0.00908951
146600.0000 0.00906666
146700.0000 0.00908636
146800.0000 0.00908422
146900.0000 0.00907515
147000.0000 0.00910198
147100.0000 0.00904314
147200.0000 0.00908532
147300.0000 0.00911500
147400.0000 0.00906178
147500.0000 0.00909785
147600.0000 0.00910949
147700.0000 0.00909319
147800.0000 0.00908416
147900.0000 0.00909745
148000.0000 0.00906113
148100.0000 0.00909724
148200.0000 0.00906900
148300.0000 0.00908247
148400.0000 0.00904678
148500.0000 0.00908573
148600.0000 0.00904619
148700.0000 0.00909000
148800.0000 0.00909582
148900.0000 0.00908517
149000.0000 0.00903063
149100.0000 0.00914837
149200.0000 0.00909338
149300.0000 0.00906185
149400.0000 0.00906856
149500.0000 0.00910193
149600.0000 0.00911022
149700.0000 0.00905631
149800.0000 0.00907469
149900.0000 0.00910144
150000.0000 0.00906641
150100.0000 0.00906919
150200.0000 0.00913432
150300.0000 0.00909725
150400.0000 0.00911255
150500.0000 0.00905347
150600.0000 0.00906606
150700.0000 0.00908101
150800.0000 0.00907806
150900.0000 0.00910257
151000.0000 0.00912487
151100.0000 0.00907444
151200.0000 0.00909739
151300.0000 0.00910591
151400.0000 0.00906721
151500.0000 0.00909377
151600.0000 0.00907394
151700.0000 0.00911354
151800.0000 0.00905323
151900.0000 0.00910207
152000.0000 0.00904654
152100.0000 0.00909978
152200.0000 0.00910741
152300.0000 0.00907755
152400.0000 0.00907344
152500.0000 0.00907463
152600.0000 0.00904253
152700.0000 0.00910076
152800.0000 0.00911378
152900.0000 0.00910919
153000.0000 0.00909603
153100.0000 0.00906258
153200.0000 0.00906165
153300.0000 0.00909867
153400.0000 0.00907648
153500.0000 0.00907833
153600.0000 0.00899587
153700.0000 0.00906316
153800.0000 0.00909120
153900.0000 0.00904866
154000.0000 0.00910936
154100.0000 0.00909474
154200.0000 0.00905885
154300.0000 0.00905599
154400.0000 0.00906532
154500.0000 0.00901401
154600.0000 0.00908809
154700.0000 0.00907597
154800.0000 0.00908273
154900.0000 0.00912934
155000.0000 0.00906777
155100.0000 0.00902895
155200.0000 0.00911102
155300.0000 0.00909207
155400.0000 0.00910615
155500.0000 0.00906053
155600.0000 0.00909328
155700.0000 0.00908601
155800.0000 0.00907550
155900.0000 0.00908368
156000.0000 0.00907412
156100.0000 0.00907432
156200.0000 0.00914703
156300.0000 0.00914589
156400.0000 0.00903989
156500.0000 0.00908818
156600.0000 0.00910920
156700.0000 0.00907809
156800.0000 0.00907323
156900.0000 0.00906839
157000.0000 0.00909260
157100.0000 0.00912519
157200.0000 0.00908561
157300.0000 0.00910554
157400.0000 0.00912316
157500.0000 0.00905460
157600.0000 0.00911213
157700.0000 0.00907641
157800.0000 0.00908444
157900.0000 0.00909263
158000.0000 0.00902446
158100.0000 0.00912426
158200.0000 0.00906340
158300.0000 0.00910069
158400.0000 0.00913397
158500.0000 0.00909401
158600.0000 0.00904577
158700.0000 0.00908147
158800.0000 0.00909480
158900.0000 0.00910374
159000.0000 0.00908136
159100.0000 0.00911061
159200.0000 0.00906306
159300.0000 0.00908978
159400.0000 0.00911135
159500.0000 0.00905856
159600.0000 0.00903625
159700.0000 0.00908327
159800.0000 0.00909348
159900.0000 0.00913291
160000.0000 0.00908807
160100.0000 0.00908134
160200.0000 0.00906994
160300.0000 0.00906702
160400.0000 0.00908797
160500.0000 0.00910199
160600.0000 0.00909009
160700.0000 0.00906641
160800.0000 0.00909479
160900.0000 0.00907756
161000.0000 0.00914586
161100.0000 0.00913199
161200.0000 0.00910693
161300.0000 0.00912177
161400.0000 0.00912762
161500.0000 0.00909167
161600.0000 0.00907683
161700.0000 0.00910685
161800.0000 0.00908016
161900.0000 0.00903697
162000.0000 0.00909573
162100.0000 0.00910422
162200.0000 0.00910299
162300.0000 0.00907909
162400.0000 0.00912637
162500.0000 0.00909334
162600.0000 0.00909611
162700.0000 0.00906149
162800.0000 0.00908413
162900.0000 0.00909794
163000.0000 0.00905797
163100.0000 0.00909961
163200.0000 0.00906222
163300.0000 0.00911066
163400.0000 0.00912485
163500.0000 0.00906277
163600.0000 0.00909728
163700.0000 0.00913682
163800.0000 0.00909095
163900.0000 0.00903155
164000.0000 0.00901538
164100.0000 0.00912202
164200.0000 0.00907842
164300.0000 0.00907894
164400.0000 0.00907439
164500.0000 0.00905077
164600.0000 0.00909364
164700.0000 0.00907233
164800.0000 0.00903842
164900.0000 0.00907226
165000.0000 0.00907217
165100.0000 0.00911526
165200.0000 0.00910324
165300.0000 0.00905555
165400.0000 0.00912975
165500.0000 0.00912207
165600.0000 0.00901761
165700.0000 0.00906998
165800.0000 0.00907035
165900.0000 0.00906590
166000.0000 0.00908559
166100.0000 0.00910599
166200.0000 0.00909904
166300.0000 0.00909706
166400.0000 0.00907586
166500.0000 0.00910499
166600.0000 0.00904932
166700.0000 0.00910133
166800.0000 0.00908486
166900.0000 0.00905294
167000.0000 0.00911360
167100.0000 0.00911328
167200.0000 0.00911791
167300.0000 0.00910724
167400.0000 0.00902998
167500.0000 0.00910809
167600.0000 0.00907965
167700.0000 0.00909513
167800.0000 0.00904267
167900.0000 0.00908258
168000.0000 0.00913422
168100.0000 0.00908890
168200.0000 0.00909461
168300.0000 0.00905011
168400.0000 0.00906896
168500.0000 0.00910394
168600.0000 0.00910610
168700.0000 0.00911620
168800.0000 0.00910634
168900.0000 0.00913791
169000.0000 0.00912915
169100.0000 0.00908242
169200.0000 0.00909824
169300.0000 0.00908186
169400.0000 0.00908830
169500.0000 0.00904611
169600.0000 0.00908916
169700.0000 0.00910354
169800.0000 0.00909566
169900.0000 0.00913263
170000.0000 0.00911077
170100.0000 0.00912080
170200.0000 0.00907816
170300.0000 0.00911489
170400.0000 0.00908067
170500.0000 0.00915558
170600.0000 0.00908262
170700.0000 0.00908648
170800.0000 0.00911101
170900.0000 0.00907823
171000.0000 0.00910848
171100.0000 0.00905303
171200.0000 0.00907131
171300.0000 0.00908808
171400.0000 0.00912387
171500.0000 0.00908098
171600.0000 0.00914172
171700.0000 0.00907565
171800.0000 0.00902658
171900.0000 0.00911448
172000.0000 0.00909406
172100.0000 0.00905197
172200.0000 0.00913668
172300.0000 0.00909004
172400.0000 0.00906502
172500.0000 0.00904091
172600.0000 0.00906709
172700.0000 0.00910723
172800.0000 0.00904590
172900.0000 0.00909562
173000.0000 0.00906636
173100.0000 0.00911311
173200.0000 0.00916511
173300.0000 0.00907696
173400.0000 0.00908512
173500.0000 0.00903933
173600.0000 0.00910607
173700.0000 0.00909943
173800.0000 0.00912190
173900.0000 0.00910904
174000.0000 0.00900662
174100.0000 0.00906962
174200.0000 0.00907804
174300.0000 0.00907397
174400.0000 0.00911152
174500.0000 0.00905083
174600.0000 0.00912703
174700.0000 0.00907031
174800.0000 0.00911762
174900.0000 0.00909060
175000.0000 0.00907729
175100.0000 0.00911538
175200.0000 0.00907220
175300.0000 0.00908629
175400.0000 0.00908389
175500.0000 0.00904615
175600.0000 0.00912834
175700.0000 0.00912574
175800.0000 0.00910500
175900.0000 0.00905092
176000.0000 0.00907858
176100.0000 0.00914682
176200.0000 0.00909452
176300.0000 0.00908870
176400.0000 0.00909513
176500.0000 0.00909949
176600.0000 0.00910034
176700.0000 0.00906182
176800.0000 0.00912662
176900.0000 0.00906433
177000.0000 0.00903869
177100.0000 0.00905550
177200.0000 0.00909014
177300.0000 0.00905128
177400.0000 0.00911782
177500.0000 0.00905618
177600.0000 0.00909649
177700.0000 0.00908740
177800.0000 0.00907308
177900.0000 0.00914507
178000.0000 0.00909336
178100.0000 0.00905032
178200.0000 0.00909228
178300.0000 0.00906440
178400.0000 0.00907123
178500.0000 0.00913317
178600.0000 0.00904300
178700.0000 0.00909649
178800.0000 0.00909182
178900.0000 0.00909402
179000.0000 0.00911616
179100.0000 0.00906623
179200.0000 0.00911466
179300.0000 0.00902733
179400.0000 0.00907279
179500.0000 0.00908239
179600.0000 0.00907767
179700.0000 0.00902602
179800.0000 0.00915399
179900.0000 0.00907734
180000.0000 0.00909812
180100.0000 0.00905341
180200.0000 0.00911476
180300.0000 0.00910337
180400.0000 0.00909564
180500.0000 0.00914558
180600.0000 0.00907375
180700.0000 0.00904092
180800.0000 0.00903458
180900.0000 0.00909221
181000.0000 0.00908073
181100.0000 0.00907923
181200.0000 0.00910691
181300.0000 0.00909188
181400.0000 0.00907392
181500.0000 0.00909387
181600.0000 0.00906824
181700.0000 0.00909742
181800.0000 0.00911714
181900.0000 0.00911418
182000.0000 0.00914921
182100.0000 0.00912406
182200.0000 0.00911911
182300.0000 0.00909544
182400.0000 0.00905351
182500.0000 0.00910210
182600.0000 0.00905977
182700.0000 0.00906795
182800.0000 0.00906725
182900.0000 0.00906604
183000.0000 0.00909696
183100.0000 0.00911896
183200.0000 0.00908378
183300.0000 0.00909191
183400.0000 0.00913746
183500.0000 0.00910575
183600.0000 0.00911375
183700.0000 0.00909768
183800.0000 0.00911329
183900.0000 0.00905231
184000.0000 0.00908347
184100.0000 0.00911742
184200.0000 0.00911014
184300.0000 0.00908959
184400.0000 0.00909691
184500.0000 0.00907920
184600.0000 0.00910651
184700.0000 0.00915166
184800.0000 0.00907962
184900.0000 0.00909446
185000.0000 0.00909174
185100.0000 0.00910129
185200.0000 0.00914413
185300.0000 0.00913217
185400.0000 0.00910412
185500.0000 0.00910858
185600.0000 0.00909503
185700.0000 0.00907015
185800.0000 0.00909822
185900.0000 0.00910387
186000.0000 0.00911483
186100.0000 0.00909499
186200.0000 0.00906129
186300.0000 0.00909208
186400.0000 0.00912901
186500.0000 0.00911564
186600.0000 0.00904050
186700.0000 0.00911998
186800.0000 0.00903493
186900.0000 0.00910338
187000.0000 0.00913271
187100.0000 0.00911173
187200.0000 0.00911021
187300.0000 0.00908779
187400.0000 0.00906300
187500.0000 0.00910894
187600.0000 0.00913365
187700.0000 0.00906568
187800.0000 0.00908800
187900.0000 0.00911729
188000.0000 0.00910762
188100.0000 0.00904573
188200.0000 0.00911566
188300.0000 0.00906390
188400.0000 0.00914179
188500.0000 0.00912373
188600.0000 0.00906015
188700.0000 0.00911477
188800.0000 0.00906376
188900.0000 0.00915191
189000.0000 0.00904715
189100.0000 0.00911984
189200.0000 0.00909631
189300.0000 0.00912004
189400.0000 0.00907652
189500.0000 0.00905785
189600.0000 0.00906670
189700.0000 0.00912402
189800.0000 0.00914288
189900.0000 0.00908195
190000.0000 0.00909215
190100.0000 0.00911565
190200.0000 0.00908685
190300.0000 0.00914303
190400.0000 0.00913659
190500.0000 0.00910701
190600.0000 0.00909472
190700.0000 0.00906499
190800.0000 0.00907088
190900.0000 0.00911694
191000.0000 0.00908011
191100.0000 0.00910472
191200.0000 0.00908032
191300.0000 0.00911233
191400.0000 0.00908913
191500.0000 0.00908007
191600.0000 0.00910826
191700.0000 0.00911702
191800.0000 0.00910453
191900.0000 0.00906587
192000.0000 0.00900529
192100.0000 0.00908254
192200.0000 0.00908222
192300.0000 0.00916372
192400.0000 0.00904781
192500.0000 0.00901800
192600.0000 0.00909174
192700.0000 0.00907029
192800.0000 0.00908123
192900.0000 0.00905066
193000.0000 0.00909714
193100.0000 0.00909332
193200.0000 0.00907551
193300.0000 0.00908091
193400.0000 0.00912601
193500.0000 0.00909614
193600.0000 0.00908103
193700.0000 0.00916000
193800.0000 0.00908805
193900.0000 0.00903627
194000.0000 0.00905293
194100.0000 0.00907163
194200.0000 0.00907937
194300.0000 0.00910961
194400.0000 0.00910764
194500.0000 0.00910210
194600.0000 0.00908858
194700.0000 0.00907053
194800.0000 0.00910005
194900.0000 0.00910030
195000.0000 0.00907320
195100.0000 0.00912380
195200.0000 0.00908627
195300.0000 0.00905544
195400.0000 0.00910709
195500.0000 0.00911086
195600.0000 0.00911226
195700.0000 0.00912083
195800.0000 0.00907045
195900.0000 0.00907683
196000.0000 0.00910811
196100.0000 0.00909722
196200.0000 0.00913836
196300.0000 0.00909034
196400.0000 0.00911016
196500.0000 0.00909781
196600.0000 0.00908420
196700.0000 0.00906698
196800.0000 0.00910815
196900.0000 0.00911308
197000.0000 0.00907440
197100.0000 0.00908136
197200.0000 0.00911720
197300.0000 0.00910233
197400.0000 0.00906494
197500.0000 0.00907909
197600.0000 0.00911379
197700.0000 0.00913199
197800.0000 0.00907945
197900.0000 0.00909535
198000.0000 0.00909332
198100.0000 0.00907828
198200.0000 0.00911331
198300.0000 0.00910488
198400.0000 0.00910634
198500.0000 0.00910622
198600.0000 0.00909913
198700.0000 0.00911735
198800.0000 0.00911378
198900.0000 0.00908094
199000.0000 0.00912098
199100.0000 0.00904148
199200.0000 0.00912250
199300.0000 0.00909198
199400.0000 0.00907598
199500.0000 0.00910909
199600.0000 0.00906409
199700.0000 0.00914737
199800.0000 0.00909551
199900.0000 0.00906670
200000.0000 0.00905242
